欣喜	2 0;0 1
如下	2 0;0 1
拦截	0 0;2 0
蛇头	2 0;0 1
清淡	0 0;2 0
兄妹	0 0;2 0
吸纳	0 0;0 1
震荡	0 0;2 0
宏伟	0 0;2 0
识别	0 0;0 1
危害	0 0;2 0
凶手	2 0;0 1
演辞	0 1;2 0
漂亮	0 0;2 0
囤积	0 0;2 0
其它	2 0;0 1
爬行	2 0;0 1
土石	0 0;0 1
送行	2 0;0 1
改变	0 0;2 0
精细	2 0;0 1
坚毅	0 0;2 0
除非	2 0;0 1
加之	2 0;0 1
运转	0 0;2 0
粤西	2 0;0 1
评审	0 0;2 0
艰辛	0 0;2 0
平整	2 0;0 1
作坊	2 0;0 1
秦春	2 0;0 1
丰厚	0 0;2 0
起飞	0 1;2 0
清淤	2 0;0 1
时节	0 0;2 0
催化	2 0;0 1
运载	2 0;0 1
探测	0 0;2 0
种植	2 0;0 1
行列	0 0;0 1
述评	2 0;0 1
座座	0 0;2 0
记录	0 0;2 0
接洽	0 1;2 0
便民	2 0;0 1
改制	2 0;0 1
踊跃	2 0;0 1
起伏	0 0;0 1
谭盾	2 0;0 1
深深	0 0;2 0
男女	0 0;2 0
进区	0 1;2 0
折扣	0 0;2 0
居所	2 0;0 1
行动	2 0;0 1
欺诈	0 0;2 0
扭曲	0 0;2 0
维持	2 0;0 1
博得	2 0;0 1
转折	2 0;0 1
攻势	2 0;0 1
曾经	2 0;0 1
劝业	2 0;0 1
温暖	0 0;2 0
整整	0 0;2 0
光电	0 0;2 0
通信	2 0;0 1
限定	2 0;0 1
组装	2 0;0 1
检验	2 0;0 1
短短	0 0;2 0
结束	2 0;0 1
提纲	0 0;2 0
参加	0 0;2 0
权益	2 0;0 1
限额	0 1;2 0
伤害	0 0;2 0
差距	0 0;2 0
搀扶	0 0;2 0
提案	2 0;0 1
垄断	2 0;0 1
分开	0 1;2 0
愿意	0 1;2 0
军民	0 0;2 0
想必	2 0;0 1
引发	2 0;0 1
推荐	0 0;2 0
开启	0 0;2 0
判定	2 0;0 1
知识	0 0;0 1
忠诚	0 0;2 0
精美	0 0;2 0
利多	2 0;0 1
过头	2 0;0 1
输往	2 0;0 1
送到	2 0;0 1
权利	0 0;0 1
重组	0 1;2 0
空白	0 0;2 0
提问	2 0;0 1
靠着	2 0;0 1
举办	2 0;0 1
嫁往	2 0;0 1
意料	0 0;2 0
闽南	2 0;0 1
利好	0 0;0 1
频繁	0 0;0 1
剥削	0 0;2 0
演唱	0 0;2 0
举动	2 0;0 1
袁晔	2 0;0 1
感慨	0 0;2 0
许诺	0 0;0 1
平稳	2 0;0 1
丰硕	0 0;0 1
防守	2 0;0 1
矗立	0 0;0 1
几乎	2 0;0 1
幸福	0 0;2 0
论证	2 0;0 1
政治	0 0;2 0
开发	2 0;0 1
政法	0 0;2 0
法制	2 0;0 1
利害	0 0;0 1
纵横	0 0;2 0
基准	0 1;2 0
情报	0 0;2 0
待遇	2 0;0 1
判处	0 0;0 1
前后	0 0;0 1
教材	2 0;0 1
清楚	0 0;0 1
字号	0 0;2 0
学到	2 0;0 1
诸如	2 0;0 1
递交	2 0;0 1
崩解	0 0;2 0
愚弄	2 0;0 1
悄然	2 0;0 1
施行	2 0;0 1
兼容	0 1;2 0
固然	2 0;0 1
包括	0 0;2 0
表决	0 1;2 0
锅炉	0 0;2 0
榜样	2 0;0 1
方圆	0 0;2 0
早先	2 0;0 1
精良	0 0;2 0
普通	2 0;0 1
改正	2 0;0 1
门前	2 0;0 1
摇滚	0 0;2 0
灌溉	0 0;0 1
叶青	2 0;0 1
预示	0 1;2 0
它们	2 0;0 1
归还	0 0;2 0
黄黄	0 0;2 0
始终	0 0;0 1
公然	2 0;0 1
商武	0 1;2 0
关外	2 0;0 1
随同	2 0;0 1
迫切	2 0;0 1
看重	2 0;0 1
哥哥	0 0;2 0
支助	0 0;2 0
张利	2 0;0 1
寻求	2 0;0 1
年末	2 0;0 1
庆幸	0 1;2 0
沉寂	0 0;2 0
融洽	0 0;2 0
依然	2 0;0 1
趋向	2 0;0 1
趋同	2 0;0 1
知道	2 0;0 1
整改	0 0;2 0
颁发	0 0;0 1
记忆	0 1;2 0
行使	2 0;0 1
意思	0 0;0 1
显然	2 0;0 1
锻炼	0 0;2 0
之内	2 0;0 1
收到	2 0;0 1
追加	2 0;0 1
街道	2 0;0 1
足以	0 1;2 0
落成	2 0;0 1
日前	2 0;0 1
邀请	0 0;0 1
水准	0 1;2 0
监测	2 0;0 1
原先	2 0;0 1
表格	0 0;0 1
载有	2 0;0 1
灌水	2 0;0 1
失败	0 0;2 0
随后	2 0;0 1
信赖	2 0;0 1
依照	0 0;0 1
架构	0 0;2 0
退还	0 0;2 0
爆满	2 0;0 1
崛起	2 0;0 1
分工	0 1;2 0
造价	2 0;0 1
告诉	0 0;0 1
祝愿	2 0;0 1
水利	2 0;0 1
围绕	0 0;0 1
血泪	0 0;2 0
学习	2 0;0 1
认购	0 0;2 0
忘记	2 0;0 1
过度	0 1;2 0
到处	2 0;0 1
开创	0 0;2 0
思考	0 0;0 1
迂回	0 0;2 0
罗莉	2 0;0 1
培养	2 0;0 1
框架	0 0;2 0
进展	0 0;2 0
应当	0 0;0 1
压缩	0 0;2 0
时候	0 0;2 0
购并	0 0;2 0
叶震	2 0;0 1
极其	2 0;0 1
耸立	2 0;0 1
留给	2 0;0 1
领到	2 0;0 1
思维	2 0;0 1
绝望	2 0;0 1
当选	0 1;2 0
配有	2 0;0 1
意愿	2 0;0 1
证据	2 0;0 1
来到	2 0;0 1
选举	0 0;0 1
拍摄	0 0;2 0
防务	2 0;0 1
调节	0 0;0 1
奉行	0 1;2 0
设想	0 1;2 0
管制	0 0;2 0
转机	2 0;0 1
庆祝	0 0;0 1
起降	0 0;0 1
结果	0 1;2 0
圆满	0 0;2 0
工贸	2 0;0 1
步步	0 0;2 0
传承	0 0;2 0
代替	0 1;2 0
繁华	2 0;0 1
弹性	2 0;0 1
买主	2 0;0 1
收入	0 0;0 1
揭示	0 1;2 0
时刻	0 0;2 0
王遂	2 0;0 1
快乐	0 0;2 0
严肃	0 0;2 0
切实	2 0;0 1
角逐	0 0;2 0
愿望	2 0;0 1
信件	2 0;0 1
参与	0 0;0 1
当起	0 1;2 0
测绘	0 0;2 0
遗传	2 0;0 1
往返	0 0;0 1
沿边	2 0;0 1
开展	2 0;0 1
例如	2 0;0 1
信众	2 0;0 1
党派	0 0;2 0
测算	2 0;0 1
称号	2 0;0 1
施加	2 0;0 1
移动	0 0;0 1
收据	2 0;0 1
画像	2 0;0 1
覆辙	2 0;0 1
迄今	2 0;0 1
防线	2 0;0 1
超前	2 0;0 1
根治	0 0;2 0
题目	2 0;0 1
位居	2 0;0 1
愉快	0 0;2 0
排队	2 0;0 1
代表	0 0;2 0
随身	2 0;0 1
剩余	2 0;0 1
排除	0 0;2 0
适合	2 0;0 1
惨烈	2 0;0 1
查看	0 0;2 0
关闭	0 0;2 0
跟随	0 0;0 1
便利	0 0;0 1
制剂	0 1;2 0
评判	0 0;2 0
数量	0 0;2 0
交通	2 0;0 1
讨论	0 0;0 1
互相	2 0;0 1
超出	2 0;0 1
获得	2 0;0 1
推翻	0 1;2 0
敬意	2 0;0 1
住宅	2 0;0 1
援救	0 0;2 0
稀有	2 0;0 1
日后	2 0;0 1
制品	2 0;0 1
气氛	0 0;2 0
议论	0 0;2 0
愤怒	0 0;2 0
申办	2 0;0 1
辩护	2 0;0 1
适宜	2 0;0 1
借重	2 0;0 1
录取	0 1;2 0
狭长	0 0;2 0
推销	2 0;0 1
测试	0 0;2 0
等等	0 0;2 0
寄送	0 0;0 1
股份	2 0;0 1
写信	2 0;0 1
显示	0 1;2 0
关键	2 0;0 1
形容	0 1;2 0
储蓄	0 1;2 0
异常	0 0;2 0
堵塞	0 0;0 1
淘汰	0 0;2 0
轻松	0 0;2 0
形势	0 0;2 0
问候	2 0;0 1
联盟	0 1;2 0
检察	0 0;2 0
流经	2 0;0 1
税务	2 0;0 1
战乱	2 0;0 1
离岛	0 1;2 0
关注	0 0;0 1
遇到	2 0;0 1
生前	2 0;0 1
促使	2 0;0 1
弃权	2 0;0 1
补偿	0 0;0 1
食糖	2 0;0 1
价格	2 0;0 1
拘捕	0 0;2 0
骨干	0 0;0 1
即场	0 1;2 0
清晰	0 0;2 0
张丽	2 0;0 1
智慧	0 0;2 0
疾病	0 0;2 0
判决	0 0;0 1
枢纽	0 0;0 1
现状	0 1;2 0
短暂	0 0;2 0
紧紧	0 0;2 0
以来	2 0;0 1
崇高	0 0;0 1
边陲	0 0;2 0
优惠	0 0;2 0
悍然	2 0;0 1
编织	2 0;0 1
遣返	0 1;2 0
尝试	0 0;2 0
追踪	2 0;0 1
积压	0 1;2 0
会歌	0 1;2 0
检讨	2 0;0 1
汇集	0 0;2 0
之后	2 0;0 1
数据	2 0;0 1
误差	0 0;2 0
认定	2 0;0 1
储罐	2 0;0 1
连成	0 1;2 0
增长	0 0;0 1
当中	2 0;0 1
敌对	2 0;0 1
精密	2 0;0 1
赵华	2 0;0 1
药物	2 0;0 1
倒闭	0 0;2 0
顺利	0 0;2 0
使得	2 0;0 1
食用	2 0;0 1
生产	0 0;2 0
陡峭	0 0;2 0
退路	2 0;0 1
削减	0 0;2 0
补充	0 0;0 1
刚刚	0 0;2 0
地步	0 0;2 0
开关	0 0;0 1
接连	0 0;2 0
娱乐	0 0;2 0
有偿	2 0;0 1
丝绸	0 0;0 1
升幅	2 0;0 1
归并	0 0;0 1
蚯蚓	2 0;3 0
乔石	2 0;0 1
选定	2 0;0 1
机场	2 0;0 1
进驻	0 0;2 0
注重	2 0;0 1
修订	2 0;0 1
姑姑	0 0;2 0
干扰	0 0;2 0
意外	2 0;0 1
饮料	2 0;0 1
狭窄	0 0;2 0
税收	2 0;0 1
运往	2 0;0 2
密集	0 0;2 0
重现	0 1;2 0
地段	2 0;0 1
相互	0 0;2 0
相亲	0 1;2 0
沟通	2 0;0 1
产生	2 0;0 1
教导	0 0;2 0
保障	0 1;2 0
亲眼	0 1;2 0
唐纳	2 0;0 1
放弃	0 0;2 0
欧亚	0 0;2 0
蔬菜	0 0;2 0
市内	2 0;0 1
控罪	2 0;0 1
窗口	2 0;0 1
甜头	2 0;0 1
妥当	0 0;0 1
追赶	0 0;2 0
适当	2 0;0 1
送往	2 0;0 1
连接	0 0;2 0
心肺	0 0;2 0
减免	0 0;0 1
消除	0 0;0 1
这里	2 0;0 1
聘用	2 0;0 1
灵活	0 0;2 0
学会	2 0;0 1
退休	0 1;2 0
证券	2 0;0 1
变种	2 0;0 1
累累	0 0;2 0
走向	2 0;0 1
沉重	0 0;2 0
早上	2 0;0 1
街头	2 0;0 1
支撑	0 0;2 0
充分	2 0;0 1
合理	2 0;0 1
过往	2 0;0 1
材料	0 0;2 0
切削	0 0;0 1
控制	0 0;0 1
出口	0 1;2 0
尽早	0 1;2 0
摆脱	2 0;0 1
圣贤	0 0;2 0
饲料	2 0;0 1
著作	0 1;2 0
敏感	2 0;0 1
调动	2 0;0 1
公平	2 0;0 1
姑娘	2 0;0 1
便捷	0 0;2 0
损失	2 0;0 1
言论	0 0;2 0
例外	2 0;0 1
吊环	2 0;0 1
新颖	0 0;2 0
重重	0 0;2 0
出外	2 0;0 1
政情	2 0;0 1
称道	2 0;0 1
慢慢	0 0;2 0
当作	0 1;2 0
分到	2 0;0 1
早些	2 0;0 1
分别	0 0;0 1
适应	2 0;0 1
吸附	0 0;2 0
弱化	2 0;0 1
仍然	2 0;0 1
旗下	2 0;0 1
喜欢	0 0;2 0
强制	0 0;2 0
输气	2 0;0 1
清理	0 0;2 0
受阻	2 0;0 1
培育	2 0;0 1
依赖	0 0;0 1
虚拟	2 0;0 1
多么	2 0;0 1
然后	2 0;0 1
住房	2 0;0 1
帐目	2 0;0 1
遏制	0 0;2 0
行将	0 0;2 0
霍文	2 0;0 1
举重	2 0;0 1
低廉	0 0;2 0
创伤	2 0;0 1
精简	0 0;2 0
准备	0 0;2 0
处理	2 0;0 1
挑战	0 1;2 0
否则	2 0;0 1
爸爸	0 0;2 0
引导	0 0;0 1
弹劾	0 0;2 0
传播	0 0;2 0
川东	2 0;0 1
估量	0 0;0 1
空缺	0 0;2 0
收支	2 0;0 1
论坛	2 0;0 1
从而	2 0;0 1
指挥	0 0;2 0
战争	2 0;0 1
掩体	2 0;0 1
大为	0 1;2 0
均衡	0 0;0 1
战区	2 0;0 1
斐然	2 0;0 1
造就	2 0;0 1
环绕	0 0;2 0
势头	2 0;0 1
精深	2 0;0 1
生活	0 0;2 0
骤然	2 0;0 1
成交	2 0;0 1
整理	0 0;2 0
广泛	0 0;0 1
通道	2 0;0 1
机制	0 0;2 0
借用	2 0;0 1
考察	0 0;2 0
慷慨	0 0;2 0
我们	2 0;0 1
或者	0 0;0 1
销毁	0 0;2 0
时代	0 0;2 0
碰撞	0 0;2 0
避免	0 0;0 1
篇章	2 0;0 1
历时	0 1;2 0
摸索	0 0;2 0
游园	2 0;0 1
偏僻	0 0;2 0
产物	2 0;0 1
准确	2 0;0 1
改革	0 0;0 1
有关	2 0;0 1
牧民	2 0;0 1
进度	2 0;0 1
途径	0 0;2 0
理由	0 0;2 0
灾害	0 0;2 0
疲软	0 0;0 2
充沛	0 0;0 1
制止	2 0;0 1
增幅	2 0;0 1
迎接	0 0;0 1
带状	0 1;2 0
那些	2 0;0 1
脱离	0 0;2 0
听力	2 0;0 1
保卫	0 1;2 0
那么	2 0;0 1
价值	2 0;0 1
编纂	0 1;2 0
大小	0 0;0 1
逐一	2 0;0 1
流转	2 0;0 1
濒临	0 0;2 0
倒塌	0 0;2 0
辉煌	0 0;2 0
构想	0 1;2 0
接送	0 0;0 1
稳健	0 0;0 1
数目	2 0;0 1
风暴	2 0;0 1
通往	2 0;0 1
实行	2 0;0 1
吞吐	0 0;0 1
休眠	0 1;2 0
时日	0 0;2 0
任免	0 0;0 1
跳台	2 0;0 1
推介	0 0;0 1
以及	2 0;0 1
收录	0 0;2 0
破旧	0 1;2 0
警察	0 0;2 0
左右	0 0;0 1
听到	2 0;0 1
到达	0 0;2 0
关联	0 0;2 0
谢谢	0 0;2 0
摇篮	2 0;0 1
精神	0 0;0 1
监誓	0 1;2 0
随着	2 0;0 1
复制	0 0;2 0
常常	0 0;2 0
惩治	0 0;2 0
谨慎	0 0;2 0
人士	2 0;0 1
丝毫	0 0;2 0
而已	0 1;2 0
岛屿	0 0;2 0
教学	2 0;0 1
营业	2 0;0 1
选择	2 0;0 1
优化	2 0;0 1
明白	2 0;0 1
类别	0 0;2 0
听众	2 0;0 1
看成	2 0;0 1
作战	0 1;2 0
似乎	2 0;0 1
师生	0 0;0 1
游艇	2 0;0 1
迎战	0 1;2 0
因为	0 1;2 0
幕后	2 0;0 1
陈耕	2 0;0 1
压抑	0 0;2 0
划分	0 0;2 0
扩散	0 1;2 0
停火	0 1;0 2
自我	0 0;0 1
分配	2 0;0 1
试图	0 1;2 0
夥伴	0 0;2 0
制订	2 0;0 1
猎食	0 1;2 0
药品	2 0;0 1
房屋	0 0;2 0
观念	2 0;0 1
效应	2 0;0 1
下降	0 0;2 0
当做	0 1;2 0
分区	2 0;0 1
响起	2 0;0 1
她们	2 0;0 1
阵容	0 1;2 0
反馈	0 0;2 0
陪同	2 0;0 1
抑制	2 0;0 1
滚滚	0 0;2 0
刚健	0 0;2 0
解除	0 0;2 0
转换	2 0;0 1
分流	0 1;2 0
挖掘	0 0;2 0
短缺	0 0;2 0
黎明	2 0;0 1
调查	0 0;2 0
管治	0 0;2 0
约见	0 1;2 0
出名	0 1;2 0
制服	2 0;0 1
通报	0 0;2 0
出去	2 0;0 1
粉碎	0 0;2 0
出发	2 0;0 1
争端	2 0;0 1
天天	0 0;2 0
缔结	0 0;0 1
王翔	2 0;0 1
介绍	0 1;2 0
致送	2 0;0 1
销往	2 0;0 1
分割	0 0;2 0
先后	0 0;0 1
拖欠	0 0;2 0
仪器	2 0;0 1
遭到	2 0;0 1
环球	2 0;0 1
觉得	2 0;0 1
标准	0 1;2 0
丰沛	0 0;2 0
谴责	0 1;2 0
俞铮	2 0;0 1
警方	2 0;0 1
象徵	0 0;2 0
品种	0 0;2 0
看见	0 0;0 1
承担	0 0;0 1
接到	2 0;0 1
谈判	2 0;0 1
谈到	2 0;0 1
象征	2 0;0 1
感激	0 1;2 0
兴业	2 0;0 1
逆差	2 0;0 1
过渡	0 0;2 0
勃发	2 0;0 1
鼾声	2 0;0 1
飞往	2 0;0 1
旖旎	0 0;2 0
睦邻	0 0;2 0
勉励	0 0;2 0
易帜	2 0;0 1
依附	0 0;2 0
协调	2 0;0 1
角度	2 0;0 1
妨碍	0 0;2 0
雇主	2 0;0 1
合同	2 0;0 1
继而	2 0;0 1
李鹏	2 0;0 1
优先	2 0;0 1
职工	2 0;0 1
宽阔	0 0;0 1
其中	2 0;0 1
不锈	0 1;2 0
乡村	0 0;0 1
装置	0 0;2 0
联名	0 1;2 0
联合	0 0;2 0
创作	0 1;2 0
胜利	2 0;0 1
差别	2 0;0 1
跃居	2 0;0 1
住户	2 0;0 1
逮捕	0 0;2 0
严重	2 0;0 1
吴仪	2 0;0 1
体会	0 0;2 0
热心	0 1;2 0
前往	2 0;0 1
作主	2 0;0 1
疲劳	0 0;2 0
典礼	0 0;2 0
器械	2 0;0 1
棉纱	0 0;2 0
工作	2 0;0 1
改造	2 0;0 1
持平	2 0;0 1
背后	2 0;0 1
系列	0 0;2 0
筹措	0 0;0 1
隐瞒	0 0;2 0
答案	2 0;0 1
收成	2 0;0 1
效忠	2 0;0 1
储量	2 0;0 1
号码	2 0;0 1
慰问	2 0;0 1
强劲	0 0;0 1
支持	0 0;0 1
躲避	0 0;2 0
另外	2 0;0 1
调整	2 0;0 1
申报	0 0;2 0
婴儿	2 0;0 1
劳务	2 0;0 1
顶益	0 1;2 0
派遣	0 0;0 1
流通	2 0;0 1
按揭	0 1;2 0
失事	2 0;0 1
道德	2 0;0 1
勾兑	2 0;0 1
活泼	0 0;2 0
升起	2 0;0 1
状态	0 0;2 0
临近	2 0;0 1
飞行	2 0;0 1
裸露	0 0;2 0
兼职	0 1;2 0
你们	2 0;0 1
从紧	2 0;0 1
承保	0 1;2 0
杨明	2 0;0 1
前期	2 0;1 0
管辖	0 1;2 0
违反	0 0;0 1
成熟	0 0;2 0
敬重	2 0;0 1
服从	0 0;2 0
回到	2 0;0 1
止痛	2 0;0 1
事故	2 0;0 1
添加	0 0;2 0
伺候	0 0;0 1
所以	0 1;2 0
早早	0 0;2 0
批判	0 0;2 0
姊妹	0 0;2 0
王森	2 0;0 1
终结	0 0;2 0
庞大	0 0;0 1
足够	0 0;2 0
安置	2 0;0 1
冲突	0 0;0 1
评比	2 0;0 1
景点	2 0;0 1
雇佣	0 1;2 0
演讲	0 0;2 0
乡里	2 0;0 1
浪漫	0 0;2 0
一直	0 0;2 0
器材	0 0;0 1
音乐	0 0;2 0
伙伴	0 0;2 0
调控	0 0;0 1
男性	2 0;0 1
迅猛	0 0;0 1
先前	2 0;0 1
精湛	0 0;2 0
交换	0 0;0 1
风景	0 0;0 1
刻有	2 0;0 1
低于	0 1;0 2
国卫	2 0;0 1
紧密	2 0;0 1
拥挤	0 0;2 0
逃避	0 0;2 0
昌盛	0 0;2 0
缓解	2 0;0 1
碰到	2 0;0 1
复原	2 0;0 1
变得	2 0;0 1
勤劳	2 0;0 1
耕地	2 0;0 1
以北	0 1;2 0
冶炼	0 0;0 1
田径	0 0;2 0
日後	2 0;0 1
洪涝	0 0;2 0
取得	2 0;0 1
变形	2 0;0 1
进来	2 0;0 1
风浪	0 0;2 0
涨幅	2 0;0 1
福利	0 0;0 1
找到	2 0;0 1
民间	2 0;0 1
以前	2 0;0 1
部份	2 0;0 1
成形	2 0;0 1
地上	2 0;0 1
春秋	0 0;0 1
陆上	2 0;0 1
激励	0 0;2 0
皮毛	0 0;2 0
筹集	2 0;0 1
歌唱	0 0;2 0
互访	2 0;0 1
直接	2 0;0 1
此前	2 0;0 1
承包	0 1;2 0
资方	2 0;0 1
攀登	0 0;0 1
搬迁	0 0;2 0
统筹	0 0;2 0
懈怠	0 0;2 0
招待	0 0;0 1
透露	0 0;0 1
凭借	0 0;2 0
偷偷	0 0;2 0
以后	2 0;0 1
钱彤	2 0;0 1
谈论	0 0;2 0
原本	0 0;2 0
标记	0 0;2 0
伴随	0 0;2 0
手头	2 0;0 1
隔离	2 0;0 1
周亮	2 0;0 1
加剧	2 0;0 1
提交	0 0;2 0
接受	2 0;0 1
深化	2 0;0 1
转型	2 0;0 1
朱佩	2 0;0 1
挫折	0 0;2 0
似的	2 0;0 1
查处	0 0;0 1
赞成	2 0;0 1
豪华	0 0;2 0
例证	0 1;2 0
损害	0 0;2 0
障碍	0 0;0 1
亏损	0 0;0 1
持有	2 0;0 1
原来	2 0;0 1
唐虹	2 0;0 1
摆设	0 0;2 0
哪里	2 0;0 1
成套	0 1;2 0
粮油	2 0;0 1
确实	0 1;2 0
坦诚	0 0;2 0
重复	0 0;2 0
公共	0 0;0 1
需求	2 0;0 1
浓浓	0 0;2 0
降至	2 0;0 1
推动	2 0;0 1
揭露	0 1;2 0
艰苦	0 0;0 1
剥夺	0 0;2 0
分摊	0 1;2 0
文教	0 0;2 0
出产	2 0;0 1
尊重	2 0;0 1
调试	0 0;2 0
必须	0 1;2 0
旗帜	0 0;2 0
旋律	2 0;0 1
治疗	0 0;0 1
保护	0 0;2 0
平凡	0 0;2 0
节省	0 0;0 1
生机	2 0;0 1
众多	0 0;2 0
率领	0 0;0 1
紧张	0 0;0 1
是否	0 0;0 1
情节	2 0;0 1
承接	0 0;2 0
认可	0 0;0 1
舞蹈	0 0;2 0
港口	2 0;0 1
到来	2 0;0 1
报喜	2 0;0 1
联产	2 0;0 1
争议	0 1;2 0
体内	2 0;0 1
追溯	2 0;0 1
朋友	0 0;2 0
争论	0 0;2 0
研究	0 0;0 1
层次	0 0;0 1
自己	0 0;0 1
成分	2 0;0 1
只要	0 1;2 0
认同	2 0;0 1
杰出	0 0;0 1
有名	2 0;0 1
传到	2 0;0 1
观察	0 0;2 0
淡化	2 0;0 1
规定	2 0;0 1
局长	2 0;0 1
雕刻	0 0;2 0
如果	2 0;0 1
复苏	0 1;2 0
发布	0 0;0 1
处在	2 0;0 1
认真	2 0;0 1
热烈	0 0;2 0
濒危	2 0;0 1
铺设	0 0;2 0
曲直	2 0;0 1
审结	2 0;0 1
判断	0 0;2 0
紧急	0 0;2 0
楼房	0 0;0 1
启动	2 0;0 1
电气	2 0;0 1
无效	0 1;2 0
享有	2 0;0 1
讲求	2 0;0 1
阅读	0 0;2 0
停办	2 0;0 1
请求	2 0;0 1
回去	2 0;0 1
党组	0 1;2 0
王齐	2 0;0 1
年初	2 0;0 1
说法	2 0;0 1
往来	0 0;2 0
怀有	2 0;0 1
立即	0 0;0 1
这么	2 0;0 1
夫妻	0 0;2 0
冲刺	0 0;0 1
扑灭	0 1;2 0
联接	0 0;2 0
蚊子	0 1;2 0
筹组	0 1;2 0
普及	0 0;2 0
做到	2 0;0 1
鞋类	2 0;0 1
利税	0 0;0 1
侵蚀	0 0;2 0
营运	2 0;0 1
网点	2 0;0 1
回忆	0 1;2 0
猛烈	0 0;2 0
扩展	2 0;0 1
视察	0 0;2 0
竟然	2 0;0 1
联运	0 1;2 0
资格	2 0;0 1
婚姻	0 0;2 0
泛滥	0 0;2 0
十多	2 0;0 1
标箱	2 0;0 1
村里	2 0;0 1
依靠	0 0;0 1
显赫	0 0;2 0
谚语	2 0;0 1
年华	0 0;2 0
谋生	2 0;0 1
急剧	2 0;0 1
交往	2 0;0 1
九千	2 0;3 0
买方	2 0;0 1
浑沌	0 0;2 0
破碎	0 0;2 0
参考	0 0;2 0
交融	0 0;2 0
局面	2 0;0 1
暂停	0 1;2 0
土壤	0 0;2 0
回馈	0 0;2 0
透明	2 0;0 1
珍贵	0 0;2 0
复工	2 0;0 1
打滚	2 0;0 1
关怀	0 0;2 0
至少	2 0;0 1
风波	0 0;2 0
力气	2 0;0 1
动员	2 0;0 1
雇员	2 0;0 1
续签	0 1;2 0
坏账	0 1;2 0
翅膀	0 0;2 0
收购	0 0;0 1
降落	0 0;2 0
分隔	0 0;2 0
修建	0 0;2 0
租金	2 0;0 1
创新	0 1;2 0
海底	2 0;0 1
领导	0 0;2 0
奇怪	0 0;2 0
侦查	0 0;2 0
饮食	2 0;0 1
靠拢	0 1;2 0
征收	2 0;0 1
誓言	2 0;0 1
议题	2 0;0 1
围堰	2 0;0 1
嫁给	2 0;0 1
成就	0 0;2 0
渺茫	0 0;2 0
崩溃	0 0;2 0
刘钢	2 0;0 1
了解	0 0;2 0
引爆	0 1;2 0
比邻	0 0;2 0
度过	0 0;0 1
严峻	0 0;0 1
许霆	2 0;0 1
整治	0 0;2 0
劳动	2 0;0 1
聚集	0 0;2 0
李佩	2 0;0 1
委任	0 1;2 0
好好	0 0;2 0
其余	2 0;0 1
雇用	2 0;0 1
变幻	2 0;0 1
签署	0 0;0 1
动荡	0 0;0 1
业已	0 1;2 0
资本	2 0;0 1
买卖	0 0;2 0
巩固	0 0;0 1
发给	2 0;0 1
父母	0 0;2 0
提倡	0 0;0 1
访问	2 0;0 1
香化	2 0;0 1
遵守	2 0;0 1
网上	2 0;0 1
超过	2 0;0 1
来宾	2 0;0 1
屠杀	0 1;2 0
条款	0 0;0 1
游人	2 0;0 1
组建	0 0;0 1
官方	2 0;0 1
奖状	0 1;2 0
带有	2 0;0 1
资产	0 0;2 0
修纂	0 1;2 0
报告	0 0;2 0
出来	2 0;0 1
顺应	2 0;0 1
牺牲	0 0;2 0
依归	0 0;0 1
颁布	0 0;0 1
涉嫌	2 0;0 1
企图	0 1;2 0
恢复	0 0;0 1
跟踪	2 0;0 1
修葺	0 0;2 0
防城	2 0;0 1
散装	2 0;0 1
培植	2 0;0 1
挂毯	2 0;0 1
滑行	2 0;0 1
调度	2 0;0 1
点燃	0 1;2 0
顶尖	0 0;2 0
化妆	2 0;0 1
抵抗	0 0;2 0
战斗	0 0;2 0
伪劣	0 0;2 0
分散	2 0;0 1
下达	2 0;0 1
媒体	2 0;0 1
机遇	2 0;0 1
有限	2 0;0 1
冷落	2 0;0 1
劳方	2 0;0 1
宽广	0 0;2 0
评价	0 0;0 1
皖赣	0 0;2 0
境外	2 0;0 1
解决	2 0;0 1
混合	2 0;0 1
京九	0 0;2 0
挽救	0 0;2 0
常昊	2 0;0 1
在乎	2 0;0 1
新近	0 0;2 0
便宜	2 0;0 1
一眼	0 1;2 0
追求	2 0;0 1
单独	0 0;2 0
议案	2 0;0 1
延伸	2 0;0 1
利益	0 1;2 0
审批	0 0;0 1
郝峰	2 0;0 1
沿湖	2 0;0 1
这下	2 0;0 1
驻扎	2 0;0 1
洽谈	2 0;0 1
好奇	2 0;0 1
抵制	0 0;0 1
此后	2 0;0 1
餐饮	0 0;0 1
租用	2 0;0 1
汇市	2 0;0 1
交付	0 0;2 0
提到	2 0;0 1
命令	0 0;2 0
委屈	0 0;2 0
股本	2 0;0 1
镇压	0 1;2 0
算是	2 0;0 1
聘请	0 0;0 1
供应	2 0;0 1
努力	0 1;2 0
兼并	0 0;0 1
市区	2 0;0 1
吉祥	0 0;2 0
纤维	2 0;0 1
徐徐	0 0;2 0
站场	2 0;0 1
仿照	2 0;0 1
彝族	2 0;0 1
事先	2 0;0 1
居住	0 0;2 0
李强	2 0;0 1
终究	2 0;0 1
应对	2 0;0 1
罢免	0 0;2 0
有利	2 0;0 1
整顿	0 0;0 1
配额	2 0;0 1
地下	2 0;0 1
兰卫	2 0;0 1
部件	0 0;2 0
京杭	0 0;1 0
病毒	0 0;2 0
液化	2 0;0 1
渐渐	0 0;2 0
花卉	0 0;0 1
苏军	2 0;0 1
永恒	0 0;2 0
深刻	2 0;0 1
硫磺	0 0;2 0
协和	2 0;0 1
发放	2 0;0 1
停靠	0 0;0 1
什么	2 0;0 1
混充	2 0;0 1
宴请	2 0;0 1
联谊	2 0;0 1
合并	0 0;2 0
高乐	2 0;0 1
居民	2 0;0 1
及早	0 1;2 0
评估	0 0;0 1
订单	2 0;0 1
商务	2 0;0 1
泊位	2 0;0 1
入选	0 1;2 0
领域	2 0;0 1
步骤	0 0;0 1
十四	2 0;1 0
演绎	0 0;2 0
率先	2 0;0 1
船舶	0 0;0 1
亿万	0 0;2 0
隆隆	0 0;2 0
人们	2 0;0 1
偶然	2 0;0 1
有期	2 0;0 1
年头	2 0;0 1
植物	2 0;0 1
检控	0 0;2 0
有望	2 0;0 1
兴盛	0 0;2 0
过分	0 1;2 0
极为	0 1;2 0
缤纷	0 0;2 0
陕北	2 0;0 1
工地	2 0;0 1
残疾	0 0;2 0
费用	2 0;0 1
勘探	2 0;0 1
摆放	0 0;0 1
佛教	2 0;0 1
督促	0 0;2 0
实惠	0 0;2 0
掌管	0 0;2 0
兑换	0 0;2 0
穆迪	2 0;0 1
贺电	2 0;0 1
幸而	2 0;0 2
凝聚	0 0;2 0
国内	2 0;0 1
有助	2 0;0 1
停顿	0 0;0 1
固定	2 0;0 1
凸显	2 0;0 1
事后	2 0;0 1
争吵	0 0;2 0
预备	0 0;2 0
即便	2 0;0 1
钟头	2 0;0 1
单单	0 0;2 0
南北	0 0;0 1
转告	2 0;0 1
夭折	2 0;0 1
雪上	2 0;0 1
举行	2 0;0 1
深厚	0 0;2 0
有力	2 0;0 1
生长	0 0;2 0
私下	2 0;0 1
海外	2 0;0 1
快捷	0 0;2 0
阻挡	0 0;2 0
入口	2 0;0 1
消息	2 0;0 1
赛会	2 0;0 1
壮严	0 1;2 0
立场	2 0;0 1
查缉	0 0;2 0
隔绝	0 0;2 0
代理	0 1;2 0
比重	2 0;0 1
进而	2 0;0 1
消减	0 0;2 0
协作	0 1;2 0
从事	2 0;0 1
过去	2 0;0 1
艰巨	0 0;0 1
兴建	0 0;2 0
肥料	2 0;0 1
朝方	2 0;0 1
山顶	2 0;0 1
钢铁	2 0;0 1
起源	2 0;0 1
李必	2 0;0 1
受聘	0 1;2 0
排定	2 0;0 1
结算	2 0;0 1
部分	2 0;0 1
从严	0 1;2 0
纷纷	0 0;2 0
岁末	2 0;0 1
创建	0 0;0 1
刊登	0 0;2 0
单一	2 0;0 1
鼓励	0 0;2 0
郭辉	2 0;0 1
发掘	0 0;2 0
留念	2 0;0 1
提取	0 1;0 2
打击	0 0;0 1
兴衰	0 0;0 1
希望	2 0;0 1
提炼	0 0;0 1
关切	0 1;2 0
修到	2 0;0 1
广大	0 0;0 1
仪式	2 0;0 1
形状	0 1;2 0
信号	0 0;2 0
模仿	0 0;2 0
交叉	2 0;0 1
第六	2 0;0 1
刺激	0 0;2 0
这些	2 0;0 1
奖励	0 0;0 1
女儿	2 0;0 1
游泳	0 1;2 0
道路	2 0;0 1
精力	2 0;0 1
担任	0 1;2 0
医疗	0 0;2 0
平安	0 0;2 0
华中	2 0;0 1
流失	0 1;2 0
动作	0 1;2 0
分拨	0 1;2 0
以往	2 0;0 1
华东	2 0;0 1
产出	2 0;0 1
第八	2 0;0 1
侦察	0 0;2 0
据悉	0 1;2 0
生效	2 0;0 1
晚上	2 0;0 1
王震	2 0;0 1
加倍	2 0;0 1
回合	0 0;2 0
对口	2 0;0 1
十余	2 0;0 1
运动	0 0;2 0
辅助	0 0;2 0
伤残	0 0;2 0
发挥	0 0;2 0
首先	2 0;0 1
杀手	2 0;0 1
如此	0 1;2 0
深入	2 0;0 1
转让	2 0;0 1
如期	2 0;0 1
杜建	2 0;0 1
容纳	0 0;2 0
第五	2 0;0 1
念头	2 0;0 1
弥补	0 0;0 1
拘谨	0 0;2 0
捕捞	0 0;2 0
买到	2 0;0 1
园林	0 0;2 0
煤炭	2 0;0 1
弊端	2 0;0 1
第九	2 0;0 1
清澈	0 0;2 0
测量	0 0;2 0
服务	2 0;0 1
阐述	2 0;0 1
缺口	2 0;0 1
广阔	0 0;0 1
粮食	2 0;0 1
科研	0 1;2 0
来往	2 0;0 1
均匀	0 0;2 0
畜牧	0 0;0 1
工商	0 0;0 1
容颜	0 0;2 0
援助	0 0;2 0
九广	0 0;2 0
不已	0 1;2 0
以下	2 0;0 1
第三	2 0;0 1
诚然	2 0;0 1
争夺	0 0;2 0
减缓	0 0;0 1
眼前	2 0;0 1
产能	2 0;0 1
疗效	2 0;0 1
忠实	2 0;0 1
沿江	0 1;2 0
油气	2 0;0 1
预料	0 0;2 0
果化	2 0;0 1
折合	2 0;0 1
成败	0 0;0 1
毅然	2 0;0 1
涌到	2 0;0 1
种种	0 0;2 0
十几	2 0;0 1
惊人	2 0;0 1
树立	0 0;0 1
花木	0 0;2 0
希冀	0 0;0 1
疫苗	2 0;0 1
规划	0 0;2 0
征求	2 0;0 1
他们	2 0;0 1
山水	0 0;2 0
上市	2 0;0 1
回归	0 0;2 0
建设	0 0;0 1
欺骗	0 0;2 0
享受	2 0;0 1
组团	2 0;0 1
撤到	2 0;0 1
建立	0 0;0 1
这儿	2 0;0 1
迫使	2 0;0 1
抢劫	0 0;2 0
规章	2 0;0 1
保安	0 1;2 0
依据	0 0;0 1
汇聚	0 0;2 0
保守	2 0;0 1
中外	2 0;0 1
急切	2 0;0 1
钥匙	0 0;2 0
借口	2 0;0 1
创立	0 0;2 0
坚决	2 0;0 1
照片	2 0;0 1
支付	0 0;2 0
竭尽	0 1;2 0
彼此	0 0;0 1
印刷	0 0;2 0
涉外	2 0;0 1
责任	2 0;0 1
印制	2 0;0 1
穿梭	0 0;2 0
建筑	0 0;2 0
设立	0 0;0 1
切片	2 0;0 1
本息	2 0;0 1
填补	0 0;2 0
波波	0 0;2 0
编号	2 0;0 1
务必	0 0;2 0
缓和	2 0;0 1
变更	0 0;2 0
耽误	0 1;2 0
提示	0 1;2 0
漂浮	0 0;2 0
天然	2 0;0 1
贩卖	0 0;2 0
亚太	0 0;2 0
缩减	0 0;2 0
比赛	0 1;2 0
利润	2 0;0 1
典范	0 0;2 0
乘坐	0 0;2 0
设置	2 0;0 1
表示	2 0;0 1
缴付	0 0;2 0
奠定	2 0;0 1
计划	0 0;2 0
增至	2 0;0 1
绘画	0 1;2 0
刑罚	0 0;2 0
训练	0 0;2 0
宝宝	0 0;2 0
完工	2 0;0 1
缺乏	0 0;0 1
财物	2 0;0 1
日趋	2 0;0 1
毗邻	0 0;2 0
日益	0 1;2 0
史敦	2 0;0 1
额外	2 0;0 1
人口	0 0;0 1
对外	2 0;0 1
决策	0 0;0 1
汇报	0 0;2 0
丰富	0 0;0 1
领袖	2 0;0 1
或许	2 0;0 1
超支	2 0;0 1
池彬	2 0;0 1
总之	2 0;0 1
乐意	0 1;2 0
抵达	0 0;0 1
尽兴	0 1;2 0
富强	0 0;2 0
燃料	2 0;0 1
借助	2 0;0 1
认缴	0 1;2 0
经常	0 0;2 0
祝贺	0 0;2 0
本领	2 0;3 0
青藏	0 0;2 0
张璞	2 0;0 1
出色	2 0;0 1
立刻	2 0;0 1
扣除	2 0;0 2
对象	2 0;0 1
角色	0 1;2 0
随之	2 0;0 1
飞速	2 0;0 1
古老	0 0;0 1
依托	2 0;0 1
疗法	2 0;0 2
恐怖	0 0;2 0
显著	0 0;2 0
思想	2 0;0 1
千万	0 0;2 0
财务	2 0;0 1
呼吸	0 0;2 0
藏有	2 0;0 1
逐渐	0 0;0 1
探索	0 0;2 0
物品	2 0;0 1
纪录	0 0;0 1
结婚	0 1;2 0
编制	2 0;0 1
元旦	0 0;2 0
较为	0 1;2 0
卫生	2 0;0 1
薪水	2 0;0 1
贺信	2 0;0 1
采购	0 0;2 0
治理	0 0;0 1
检查	0 0;2 0
明朗	0 0;2 0
领衔	0 1;2 0
呼吁	2 0;0 1
合成	2 0;0 1
考量	0 0;2 0
深为	0 1;2 0
场场	0 0;2 0
追索	0 0;2 0
素质	0 0;2 0
第十	2 0;0 1
等候	0 0;2 0
跑道	2 0;0 1
经贸	0 0;2 0
信用	2 0;0 1
能够	2 0;0 1
比较	0 0;0 1
平衡	0 0;0 1
引用	2 0;0 1
未来	2 0;0 1
爆发	2 0;0 1
尸体	2 0;0 1
总共	0 0;2 0
财产	0 0;2 0
报章	2 0;0 1
罹患	0 0;2 0
士兵	0 0;2 0
商贾	0 0;0 1
修复	0 0;2 0
隐隐	0 0;2 0
降到	2 0;0 1
招募	0 0;2 0
技巧	0 0;2 0
变数	2 0;0 1
出齐	2 0;0 1
卖到	2 0;0 1
指责	0 1;2 0
风光	0 0;0 1
实在	2 0;0 1
谢荣	2 0;0 1
陆桥	0 0;2 0
规矩	0 0;2 0
华北	2 0;0 1
顾客	2 0;0 1
稳固	0 0;2 0
栏目	2 0;0 1
多少	0 0;0 1
教训	0 1;2 0
苏北	2 0;0 1
满意	2 0;0 1
华南	2 0;0 1
武韬	2 0;0 1
需要	2 0;0 1
萧条	2 0;0 1
限期	2 0;0 1
搭乘	0 0;2 0
壁垒	0 0;2 0
裁判	0 0;2 0
江河	0 0;2 0
喧闹	0 0;2 0
开放	0 0;2 0
一下	2 0;0 1
目前	2 0;0 1
塑胶	0 0;2 0
沿海	2 0;0 1
萎缩	0 0;2 0
站立	0 0;2 0
媲美	0 1;2 0
输送	0 0;0 1
构筑	0 0;0 1
牵连	0 0;0 1
特殊	0 0;2 0
射程	2 0;0 1
国外	2 0;0 1
浩大	0 0;2 0
用量	2 0;0 1
态势	0 0;0 1
选用	2 0;0 1
台北	2 0;0 1
占用	2 0;0 1
吴宇	2 0;0 1
完整	2 0;0 1
徘徊	0 0;2 0
分离	0 0;2 0
文化	0 0;2 0
冯婕	2 0;0 1
羽绒	0 0;2 0
消费	0 1;2 0
换文	2 0;0 1
货物	2 0;0 1
皇帝	0 0;2 0
蔓延	0 1;2 0
李斌	2 0;0 1
贡献	2 0;0 1
炫耀	0 1;2 0
廉洁	0 0;2 0
法律	0 0;0 1
悬挂	0 0;2 0
熔炼	0 0;0 1
购物	2 0;0 1
构建	0 0;2 0
怀抱	0 0;2 0
在即	2 0;0 1
流利	0 0;2 0
标段	2 0;0 1
归来	2 0;0 1
存水	2 0;0 1
省份	2 0;0 1
派员	2 0;0 1
用语	2 0;0 1
声势	0 0;2 0
宿舍	2 0;0 1
交给	2 0;0 1
辛苦	0 0;2 0
装卸	2 0;0 1
分类	0 1;2 0
优点	2 0;0 1
通牒	2 0;0 1
宣告	0 0;0 1
泡影	2 0;0 1
派发	0 0;0 1
佩服	0 0;2 0
视同	2 0;0 1
耗资	2 0;0 1
守护	0 0;2 0
繁琐	0 0;2 0
完成	2 0;0 1
就业	2 0;0 1
益处	2 0;0 1
意向	2 0;0 1
级别	0 0;2 0
囚犯	2 0;0 1
阶层	0 0;2 0
大大	0 0;2 0
如何	2 0;0 1
吊车	2 0;0 1
胜负	0 0;0 1
范围	2 0;0 1
传讯	0 1;2 0
恶化	2 0;0 1
补给	2 0;0 1
召唤	0 0;2 0
上任	0 1;2 0
卢晶	2 0;0 1
昂贵	0 0;2 0
寿命	2 0;0 1
剧烈	0 0;2 0
封闭	0 0;0 1
郑黎	2 0;0 1
龙头	2 0;0 1
得力	2 0;0 1
搜索	0 0;2 0
友好	2 0;0 1
中心	2 0;0 2
梁平	2 0;0 1
根本	0 0;0 1
配备	0 0;2 0
惩处	0 0;0 1
调研	2 0;0 1
悠久	2 0;0 1
接着	2 0;0 1
消耗	0 0;2 0
夺得	2 0;0 1
意见	2 0;0 1
人事	0 0;2 0
配套	0 1;2 0
访谈	2 0;0 1
审查	0 0;2 0
海上	2 0;0 1
暴露	0 0;2 0
健康	0 0;0 1
交错	0 0;2 0
蓬勃	0 0;0 1
礼物	2 0;0 1
段落	2 0;0 1
就任	2 0;0 1
评论	0 0;2 0
名列	0 1;2 0
爱心	0 1;2 0
确保	0 0;2 0
帮助	0 0;2 0
约束	0 0;2 0
对峙	0 0;2 0
接待	2 0;0 1
协商	0 0;2 0
进程	2 0;0 1
完善	2 0;0 1
发出	0 1;0 2
更大	2 0;0 1
进出	0 0;0 1
刑事	2 0;0 1
加重	2 0;0 1
境况	0 0;2 0
安排	2 0;0 1
报纸	2 0;0 1
到齐	2 0;0 1
徐俊	2 0;0 1
融资	2 0;0 1
衔接	0 0;2 0
觊觎	0 0;2 0
马上	2 0;0 1
筹划	0 0;0 1
种田	2 0;0 1
赠送	0 0;2 0
皖南	2 0;0 1
身为	0 1;2 0
贵族	2 0;2 9
发动	2 0;0 1
审议	2 0;0 1
审计	0 0;2 0
签订	2 0;0 1
赔偿	0 0;0 1
境内	2 0;0 1
当场	0 1;2 0
赶走	2 0;0 1
榜首	2 0;0 1
呼声	2 0;0 1
开采	0 0;2 0
此外	2 0;0 1
稽核	0 0;2 0
家庭	2 0;0 1
往往	0 0;2 0
叛军	2 0;0 1
散去	2 0;0 1
流亡	2 0;0 1
兴起	2 0;0 1
子孙	0 0;0 1
接触	0 0;2 0
变革	0 0;0 1
接任	0 1;2 0
更新	0 1;2 0
收缴	0 0;2 0
审核	0 0;2 0
恶劣	0 0;2 0
谷物	2 0;0 1
室内	2 0;0 1
弟弟	0 0;2 0
申诉	0 0;2 0
繁荣	2 0;0 1
毒品	2 0;0 1
占到	2 0;0 1
个人	2 0;0 1
教唆	0 0;2 0
说话	0 1;2 0
女子	0 1;2 0
宣布	0 0;0 1
尤其	2 0;0 1
回来	2 0;0 1
状况	2 0;0 1
司机	0 1;2 0
宽敞	0 0;2 0
垃圾	0 0;2 0
调解	2 0;0 1
开战	0 1;2 0
跑出	2 0;0 1
审讯	0 1;2 0
出入	0 0;2 0
坦率	0 0;2 0
身份	2 0;0 1
庆贺	0 0;2 0
想到	2 0;0 1
振荡	0 0;2 0
司仪	0 1;2 0
司令	0 1;2 0
城乡	2 0;0 1
开往	2 0;0 1
妥善	2 0;0 1
勉强	2 0;0 1
尤为	0 1;2 0
炸药	2 0;0 1
带领	0 0;2 0
土木	0 0;2 0
蒸馏	0 0;0 1
限制	0 0;0 1
苏南	2 0;0 1
财经	0 0;2 0
绘图	2 0;0 1
应该	0 0;0 2
上去	0 1;2 0
院所	2 0;0 1
绿化	2 0;0 1
小子	0 1;2 0
悄悄	0 0;2 0
资金	0 0;2 0
研发	0 0;0 1
森林	0 0;0 1
监察	0 0;2 0
充足	0 1;2 0
开进	0 1;2 0
亲切	0 0;2 0
意义	2 0;0 1
透过	2 0;0 1
发酵	0 1;2 0
封锁	0 0;2 0
转贷	0 1;2 0
个把	0 0;0 1
结出	0 1;0 2
得主	2 0;0 1
拳头	2 0;0 1
销路	2 0;0 1
开通	2 0;0 1
沙漠	2 0;0 1
子女	0 0;2 0
臃肿	0 0;2 0
完毕	0 0;0 1
搜查	0 0;2 0
助手	2 0;0 1
合乎	2 0;0 1
小小	0 0;2 0
西南	0 0;0 1
连续	0 1;2 0
衷心	0 1;2 0
燃烧	0 0;2 0
集结	0 0;2 0
原子	0 1;2 0
官兵	0 0;2 0
超声	2 0;0 1
这个	2 0;0 1
夫妇	0 0;2 0
名贵	0 0;2 0
扩张	2 0;0 1
粗暴	0 0;2 0
潮流	2 0;0 1
力量	2 0;0 1
棺材	2 0;0 1
场所	0 0;2 0
显露	0 0;0 1
简便	0 0;2 0
出身	2 0;0 1
宾客	0 0;2 0
东北	0 0;0 1
观点	2 0;0 1
标志	0 0;0 1
还给	2 0;0 1
为何	0 1;2 0
返还	0 0;0 1
宣传	0 0;2 0
读者	2 0;0 1
李宁	2 0;0 1
释放	0 0;2 0
对阵	2 0;0 1
简单	2 0;0 1
延续	0 1;2 0
门类	0 0;2 0
仅仅	0 0;2 0
西北	0 0;0 1
风范	0 0;2 0
致使	2 0;0 1
执行	2 0;0 1
涉及	0 0;0 1
积极	2 0;0 1
简化	2 0;0 1
拜访	0 0;2 0
第二	2 0;0 1
情景	0 0;2 0
完全	2 0;0 1
洁净	0 0;2 0
机器	2 0;0 1
增收	2 0;0 1
欢乐	0 0;2 0
残害	0 0;2 0
力道	2 0;0 1
升到	2 0;0 1
贮存	0 0;0 1
东南	0 0;0 1
履行	2 0;0 1
据称	2 0;0 1
捆绑	0 0;2 0
好坏	0 0;0 1
眼睛	0 0;2 0
清除	0 0;2 0
达致	0 0;2 0
退让	0 0;2 0
天文	2 0;0 1
面临	0 0;2 0
安全	2 0;0 1
效力	2 0;0 1
以为	0 1;2 0
赣北	2 0;0 1
个别	0 0;0 1
播放	2 0;0 1
发作	0 1;2 0
桥梁	0 0;2 0
入驻	0 0;2 0
指定	2 0;0 1
遥遥	0 0;2 0
第七	2 0;0 1
液体	2 0;0 1
迟迟	0 0;2 0
赞叹	2 0;0 1
升降	0 0;0 1
以上	2 0;0 1
回眸	2 0;0 1
动辄	0 0;0 1
排行	2 0;0 1
怎么	2 0;0 1
走过	2 0;0 1
放置	0 0;2 0
付诸	2 0;0 1
败给	2 0;0 1
观看	0 0;2 0
产量	2 0;0 1
撰文	2 0;0 1
体系	2 0;0 1
甘苦	0 0;0 1
秦杰	2 0;0 1
档案	0 0;2 0
风采	0 0;2 0
等级	0 0;2 0
缴纳	2 0;0 1
胡辛	2 0;0 1
触犯	0 0;0 1
排放	0 0;0 1
饱满	0 0;2 0
当然	2 0;0 1
核定	2 0;0 1
巨大	0 0;0 1
陈晟	2 0;0 1
宽松	0 0;2 0
出示	0 1;2 0
即将	0 0;2 0
柚类	2 0;0 1
覆盖	0 0;2 0
突然	2 0;0 1
行程	2 0;0 1
转到	2 0;0 1
错误	2 0;0 1
跳板	2 0;0 1
位置	0 0;0 1
谋求	2 0;0 1
援外	2 0;0 1
部属	2 0;0 1
消化	0 0;0 1
拉到	2 0;0 1
供给	2 0;0 1
区分	0 0;2 0
侵犯	0 0;2 0
经理	0 0;2 0
抓获	2 0;0 1
延误	0 1;2 0
担忧	0 1;2 0
统计	0 0;2 0
境界	0 0;2 0
展览	0 0;0 1
举措	0 0;0 1
寄望	2 0;0 1
遵照	0 0;0 1
包含	0 0;2 0
转介	2 0;0 1
显得	2 0;0 1
怀孕	0 1;2 0
核对	0 0;0 1
正当	2 0;0 1
以便	0 1;2 0
振兴	2 0;0 1
拉动	2 0;0 1
旅游	2 0;0 1
监禁	0 0;2 0
吴平	2 0;0 1
研制	0 0;0 1
潘清	2 0;0 1
购买	0 0;0 1
转交	2 0;0 1
拨付	2 0;0 1
而且	0 0;2 0
酝酿	0 0;2 0
开立	0 0;2 0
明确	2 0;0 1
李凯	2 0;0 1
充当	2 0;0 1
显现	2 0;0 1
跟进	0 1;2 0
还击	0 1;2 0
期待	2 0;0 1
增加	0 0;0 1
果然	2 0;0 1
担负	0 0;2 0
经济	0 0;2 0
摔交	0 1;2 0
情势	0 0;2 0
鼓吹	0 0;0 1
肃穆	0 0;2 0
伪装	0 1;2 0
汹涌	0 0;2 0
举报	0 0;2 0
鉴定	2 0;0 1
拉大	0 1;2 0
扶持	0 0;2 0
白色	2 0;0 1
匆匆	0 0;2 0
匮乏	0 0;2 0
座落	0 0;2 0
定居	0 1;2 0
积累	0 0;0 1
尽头	2 0;0 1
纪念	0 0;2 0
困扰	2 0;0 1
构造	2 0;0 1
必然	2 0;0 1
推举	0 0;2 0
处处	0 0;2 0
实质	0 0;2 0
精彩	0 0;2 0
第四	2 0;0 1
摄影	2 0;0 1
拿到	2 0;0 1
摊位	2 0;0 1
尊严	2 0;0 1
导致	0 0;2 0
吸收	2 0;0 1
策划	0 0;2 0
转达	2 0;0 1
后续	0 1;2 0
灯具	2 0;0 1
怎样	2 0;0 1
管理	0 0;0 1
第３	2 0;0 1
广为	0 1;2 0
宇宙	0 0;2 0
以内	2 0;0 1
架设	0 0;0 1
计算	0 0;0 1
议程	2 0;0 1
颠覆	0 0;2 0
配置	2 0;0 1
开裂	0 1;2 0
储存	0 0;2 0
假期	2 0;0 1
寒冷	0 0;2 0
坍塌	0 0;2 0
拘束	0 0;0 1
随即	0 0;2 0
色彩	0 0;2 0
特质	0 0;2 0
卖给	2 0;0 1
验证	0 1;2 0
缴交	0 0;2 0
温顺	0 0;2 0
包袱	0 0;2 0
核算	2 0;0 1
拖累	0 0;2 0
包装	2 0;0 1
种类	0 0;2 0
循环	0 1;2 0
有色	2 0;0 1
符合	2 0;0 1
携带	0 0;2 0
捍卫	0 1;2 0
打消	0 1;2 0
配给	2 0;0 1
监督	0 0;2 0
规模	2 0;0 1
室外	2 0;0 1
遭逢	0 0;2 0
赛跑	0 1;2 0
集成	2 0;0 1
诞生	2 0;0 1
编辑	0 0;2 0
违背	0 0;0 1
成长	0 0;2 0
失去	2 0;0 1
发达	0 0;2 0
文章	2 0;0 1
哪些	2 0;0 1
读物	2 0;0 1
综合	0 0;0 1
罗干	2 0;0 1
配合	2 0;0 1
自由	0 0;2 0
寻找	0 0;0 1
今后	2 0;0 1
强烈	0 0;2 0
镀锡	2 0;0 1
宏大	0 0;0 1
转变	0 0;2 0
替代	0 0;2 0
贫穷	0 0;2 0
裁决	0 0;2 0
杨羽	2 0;0 1
运行	2 0;0 1
合作	0 1;2 0
看作	0 1;2 0
能否	0 0;0 1
密切	2 0;0 1
李芳	2 0;0 1
占据	0 0;0 1
较量	0 0;2 0
制衣	2 0;0 1
耐心	0 1;2 0
李勇	2 0;0 1
流行	2 0;0 2
宝贵	0 0;2 0
陈江	2 0;0 1
仰赖	0 0;2 0
观测	0 0;2 0
牢固	0 0;2 0
单纯	2 0;0 1
温闽	2 0;0 1
执掌	2 0;0 1
模范	0 0;2 0
面前	2 0;0 1
陈瑶	2 0;0 1
安然	2 0;0 1
行驶	2 0;0 1
一一	0 0;2 0
投放	0 0;0 1
拒绝	0 0;2 0
台南	2 0;0 1
上亿	0 1;2 0
可比	2 0;0 1
国民	0 0;2 0
制裁	0 0;0 1
城镇	2 0;0 1
既然	2 0;0 1
侵略	0 0;0 1
卖方	2 0;0 1
真正	2 0;0 1
禁止	2 0;0 1
流动	2 0;0 1
旺盛	0 0;0 1
飘逸	0 0;2 0
妹妹	0 0;2 0
陆琪	2 0;0 1
完备	0 0;2 0
行径	0 0;2 0
接替	0 1;2 0
王君	2 0;0 1
空中	2 0;0 1
重新	0 1;2 0
联络	2 0;0 1
科技	0 0;2 0
美好	0 0;0 1
牲畜	0 0;2 0
上下	0 0;0 1
更改	0 0;2 0
并且	0 0;0 1
倾斜	2 0;0 1
上万	0 1;2 0
步调	2 0;0 1
贺礼	2 0;0 1
核心	2 0;0 1
切身	2 0;0 1
码头	2 0;0 1
如意	2 0;0 1
南昆	2 0;0 1
指示	0 1;2 0
现今	0 0;2 0
有赖	2 0;0 1
富余	2 0;0 1
窘迫	2 0;0 1
兄弟	0 0;2 0
良性	2 0;0 1
传递	0 0;0 1
基本	0 0;0 1
流变	2 0;0 1
知名	2 0;0 1
储备	0 0;0 1
酿制	2 0;0 1
看看	0 0;2 0
秩序	2 0;0 1
贴心	2 0;0 1
样性	2 0;0 1
侦破	0 0;0 1
感到	2 0;0 1
通路	2 0;0 1
武岚	2 0;0 1
传送	0 0;2 0
衡量	0 0;2 0
加紧	2 0;0 1
等待	0 0;2 0
移居	0 1;2 0
下令	0 1;0 2
传达	2 0;0 1
估算	0 0;2 0
批评	0 0;2 0
意味	2 0;0 1
游览	0 0;2 0
托运	0 1;2 0
泰康	0 0;2 0
品类	0 0;2 0
指导	0 0;2 0
转化	0 0;0 1
比价	0 1;2 0
辩论	0 0;2 0
缓慢	0 0;0 1
年中	2 0;0 1
林立	2 0;0 1
突破	2 0;0 1
变迁	0 0;0 1
最为	0 1;2 0
招聘	0 0;2 0
繁忙	0 0;0 1
层层	0 0;2 0
野外	2 0;0 1
阶段	2 0;0 1
章法	0 0;2 0
发生	2 0;0 1
得到	2 0;0 1
和平	2 0;0 1
料件	2 0;0 1
可喜	2 0;0 1
矛盾	0 0;2 0
次数	2 0;0 1
阻碍	0 0;0 1
为首	2 0;0 1
看法	2 0;0 1
受理	2 0;0 2
载重	2 0;0 1
寻觅	0 0;2 0
保证	2 0;0 1
光彩	0 0;2 0
兴奋	0 0;2 0
骄傲	0 0;2 0
耳聋	0 1;2 0
景观	0 0;2 0
占有	2 0;0 1
经历	0 0;0 1
盛大	2 0;0 1
贸易	0 0;2 0
露天	0 1;2 0
赫素	2 0;0 1
承诺	0 0;0 1
替补	0 0;2 0
信服	2 0;0 1
稍微	2 0;0 1
荟萃	0 0;2 0
驻军	2 0;0 1
那里	2 0;0 1
定名	0 1;2 0
申请	2 0;0 1
分解	0 0;2 0
突出	0 0;0 1
奔驰	0 0;2 0
捐物	2 0;0 1
修改	0 0;2 0
药膳	0 0;2 0
有的	2 0;0 1
业余	2 0;0 1
拥护	0 0;2 0
担当	0 0;0 1
列举	0 0;2 0
比例	2 0;0 1
随行	2 0;0 1
毛磊	2 0;0 1
隶属	2 0;0 1
监狱	0 0;2 0
受到	2 0;0 1
发表	0 0;0 1
传给	2 0;0 1
实则	2 0;0 1
接见	2 0;0 1
筹备	0 0;0 1
面向	2 0;0 1
看到	2 0;0 1
皮革	0 0;2 0
发行	2 0;0 1
虽然	2 0;0 1
结合	0 0;0 1
报表	0 0;0 1
些许	2 0;0 1
发现	2 0;0 1
孔子	0 1;2 0
网络	0 0;2 0
教练	0 0;2 0
解放	0 0;0 1
马约	2 0;0 1
质量	2 0;0 1
租赁	0 0;0 1
来源	2 0;0 1
冲劲	2 0;0 1
太太	0 0;2 0
频频	0 0;2 0
托收	2 0;0 1
母子	0 0;0 1
李煦	2 0;0 1
赢得	2 0;0 1
尊敬	0 0;2 0
审判	2 0;0 1
谅解	2 0;0 1
供求	0 0;0 1
呼应	2 0;0 1
永久	0 0;2 0
标枪	2 0;0 1
影响	2 0;0 1
双双	0 0;2 0
通过	2 0;0 1
良好	0 0;2 0
阻止	2 0;0 1
签定	2 0;0 1
肆意	0 1;2 0
堤坝	0 0;2 0
业内	2 0;0 1
玻壳	0 1;2 0
服装	0 0;2 0
变化	0 0;0 1
扭转	2 0;0 1
彩化	2 0;0 1
家乡	2 0;0 1
达到	2 0;0 1
高出	2 0;0 1
天地	0 0;0 1
屏幕	0 0;0 1
条约	2 0;0 1
开辟	0 0;2 0
结汇	0 1;2 0
坚强	0 0;0 1
层级	0 0;2 0
尽量	2 0;0 1
科教	0 0;0 1
作用	2 0;0 1
稳妥	2 0;0 1
引资	2 0;0 1
儿女	0 0;2 0
条件	2 0;0 1
同步	0 1;2 0
上千	0 1;2 0
上升	2 0;0 1
防治	0 0;0 1
规格	0 0;0 1
独特	2 0;0 1
问题	2 0;0 1
冰雪	0 0;2 0
组合	0 0;0 1
行政	2 0;0 1
与否	0 0;2 0
演化	2 0;0 1
具备	0 0;0 1
齐全	2 0;0 1
除外	2 0;0 1
景气	2 0;0 1
据点	2 0;0 1
教化	2 0;0 1
业务	2 0;0 1
防洪	0 1;2 0
激奋	0 0;2 0
下去	0 1;2 0
精干	2 0;0 1
工艺	2 0;0 1
财政	2 0;0 2
填上	2 0;0 1
名义	2 0;0 1
为主	2 0;0 1
抱有	2 0;0 1
更为	0 1;2 0
肯定	2 0;0 1
震惊	0 0;2 0
移往	2 0;0 1
编排	0 0;2 0
地理	2 0;0 1
操控	0 0;2 0
驰名	2 0;0 1
巡逻	0 0;2 0
彻底	2 0;0 1
倒影	2 0;0 1
房间	2 0;0 1
骨骼	0 0;2 0
磋商	0 0;2 0
正常	2 0;0 1
审理	0 0;0 1
赶到	2 0;0 1
采取	0 1;2 0
整个	2 0;0 1
售价	2 0;0 1
祝祷	0 0;2 0
走势	2 0;0 1
因而	2 0;0 1
亲身	2 0;0 1
沪宁	0 0;2 0
集资	2 0;0 1
繁多	0 0;2 0
运送	0 0;2 0
形成	2 0;0 1
随便	0 1;2 0
女性	2 0;0 1
优良	0 0;0 1
纠正	2 0;0 1
起到	2 0;0 1
募集	2 0;0 1
累积	0 0;0 1
妇幼	2 0;0 1
零散	0 0;2 0
耕耘	0 0;2 0
梦想	2 0;0 1
做完	0 1;2 0
邮电	0 0;0 1
重叠	0 0;2 0
规范	0 0;2 0
玻璃	0 0;2 0
成立	0 0;0 1
共同	2 0;0 1
真的	2 0;0 1
着手	2 0;0 1
将来	2 0;0 1
指令	0 0;2 0
取代	0 0;2 0
陷阱	0 0;2 0
贯通	2 0;0 1
扣押	2 0;0 1
远远	0 0;2 0
补贴	2 0;0 1
团聚	0 0;2 0
零星	2 0;0 1
赞同	2 0;0 1
送交	2 0;0 1
紧凑	2 0;0 1
屡屡	0 0;2 0
装备	0 0;0 1
之上	0 1;2 0
值得	2 0;0 1
连连	0 0;2 0
之一	2 0;0 1
纲领	0 0;2 0
感觉	0 0;2 0
获颁	0 1;2 0
美丽	0 0;2 0
继承	0 0;2 0
灵魂	0 0;2 0
盈亏	0 0;0 1
进价	2 0;0 1
来临	0 0;0 1
占领	2 0;0 1
陈元	2 0;0 1
身分	2 0;0 1
通行	0 1;2 0
签发	2 0;0 1
办理	0 0;0 1
宋健	2 0;0 1
礼仪	0 0;2 0
答复	0 0;2 0
头领	0 0;2 0
走到	2 0;0 1
递送	0 0;0 1
高大	0 0;2 0
旅行	2 0;0 1
起码	2 0;0 1
集训	0 1;2 0
理事	2 0;0 1
回稳	2 0;0 1
艰难	0 0;0 1
稽察	0 0;2 0
严厉	0 0;2 0
百姓	0 1;2 0
自由化	3 3 0;2 3 0
天文台	2 3 0;3 1 0
李道佳	2 3 0;0 1 2
随意性	3 3 0;3 1 0
义高潮	2 3 0;0 1 2
周德孚	2 3 0;0 1 2
李登辉	2 3 0;0 1 2
韦奇立	2 3 0;0 1 2
组织法	3 3 0;2 3 0
银行卡	3 3 0;2 3 0
国民党	3 3 0;2 3 0
委员们	3 1 0;2 0 1
争夺战	3 3 0;2 3 0
九亿多	2 3 0;2 0 1
集团化	3 3 0;2 3 0
满学杰	2 3 0;0 1 2
市中心	3 3 0;0 3 1
刘向东	2 3 0;0 1 2
可转换	2 0 0;3 0 1
刘述卿	2 3 0;0 1 2
金沙萨	2 3 0;0 1 2
发行量	3 3 0;3 1 0
任志刚	2 3 0;0 1 2
重要性	3 3 0;2 3 0
系统性	3 3 0;3 1 0
跨运河	2 3 0;0 3 1
傅家俊	2 3 0;0 1 2
研讨会	3 3 0;2 3 0
田径队	3 3 0;2 3 0
起重机	3 3 0;3 1 0
能源署	3 3 0;2 3 0
效力于	3 1 0;0 1 2
海陆空	0 0 0;2 3 0
通知书	3 3 0;2 3 0
差不多	0 3 1;2 3 0
区域性	3 3 0;3 1 0
不合理	2 3 0;3 0 2
组织者	3 3 0;2 3 0
戴光前	2 3 0;0 1 2
转折点	3 3 0;3 1 0
医科院	2 3 0;3 1 0
谘询权	3 3 0;2 3 0
输变电	3 3 0;0 3 1
经济区	3 3 0;3 1 0
音乐家	3 3 0;2 3 0
代收费	2 3 0;3 0 2
竞争力	3 3 0;2 3 0
东西欧	3 3 0;3 1 0
容国团	2 3 0;0 1 2
不起眼	2 0 2;3 0 2
代表权	3 3 0;2 3 0
编织袋	3 3 0;2 3 0
李生江	2 3 0;0 1 2
使领馆	3 3 0;2 3 0
交响曲	3 3 0;2 3 0
先生们	2 3 0;2 0 1
王冶坪	2 3 0;0 1 2
预备役	3 3 0;2 3 0
中南美	3 3 0;2 3 0
指挥部	3 3 0;2 3 0
评委们	2 3 0;2 0 1
王立诚	2 3 0;0 1 2
刘耀华	2 3 0;0 1 2
拖拉机	3 3 0;2 3 0
律政司	3 1 0;2 3 0
经销商	3 3 0;2 3 0
罐头厂	3 3 0;2 3 0
招待会	3 3 0;2 3 0
李贺普	2 3 0;0 1 2
复杂化	3 3 0;2 3 0
发动机	2 3 0;3 1 0
水污染	3 3 0;2 3 0
吕克俭	2 3 0;0 1 2
建筑业	3 3 0;2 3 0
顾问网	3 3 0;2 3 0
朋友们	3 3 0;2 0 1
王耀华	2 3 0;0 1 2
季克良	2 3 0;0 1 2
实验室	3 3 0;2 3 0
安全感	2 3 0;3 1 0
新闻局	3 3 0;2 3 0
王永平	2 3 0;0 1 2
女士们	2 3 0;2 0 1
唐卫彬	2 3 0;0 1 2
代表处	3 3 0;2 3 0
路海宽	2 3 0;0 1 2
生产线	3 3 0;2 3 0
中小学	3 3 0;3 1 0
朱克川	2 3 0;0 1 2
代理商	3 1 0;2 3 0
发布会	3 3 0;3 1 0
濮洪九	2 3 0;0 1 2
紧接着	2 3 0;2 0 1
陆在宽	2 3 0;0 1 2
李瑞环	2 3 0;0 1 2
赵春晓	2 3 0;0 1 2
计算机	3 3 0;2 3 0
肺出血	2 0 2;3 0 2
七千多	2 3 0;2 0 1
经济司	3 3 0;3 1 0
张世元	2 3 0;0 1 2
阶段性	3 3 0;3 1 0
开发区	2 3 0;3 1 0
崔广华	2 3 0;0 1 2
联系人	3 3 0;2 3 0
带头人	2 3 0;3 1 0
副总统	3 3 0;2 3 0
收购量	3 3 0;2 3 0
孙晓郁	2 3 0;0 1 2
周锡生	2 3 0;0 1 2
上中游	3 3 0;3 1 0
张柏林	2 3 0;0 1 2
不完全	3 3 0;3 0 2
张如渠	2 3 0;0 1 2
葛素红	2 3 0;0 1 2
贾治邦	2 3 0;0 1 2
任景玉	2 3 0;0 1 2
次区域	2 3 0;3 0 1
江泽民	2 3 0;0 1 2
注意力	3 3 0;3 1 0
贸易型	3 3 0;2 3 0
综合性	3 3 0;2 3 0
李昌镐	2 3 0;0 1 2
李努尔	2 3 0;0 1 2
八百余	2 3 0;2 0 1
钱冠林	2 3 0;0 1 2
访问团	3 3 0;2 3 0
金正日	2 3 0;0 1 2
出发点	3 3 0;2 3 0
介绍会	3 1 0;2 3 0
畜牧业	3 3 0;2 3 0
杨丽萍	2 3 0;0 1 2
棕榈园	3 3 0;2 3 0
一揽子	2 3 0;3 0 2
倪四义	2 3 0;0 1 2
六六盐	3 3 0;2 3 0
电风扇	3 3 0;2 3 0
高国珠	2 3 0;0 1 2
原则上	3 3 0;2 0 1
新台币	3 3 0;2 3 0
六百多	2 3 0;2 0 1
张可喜	2 3 0;0 1 2
行政费	0 1 2;3 1 0
高耗能	2 0 2;3 0 2
总干事	2 0 2;2 3 0
亏损面	3 3 0;3 1 0
追逐赛	3 3 0;2 3 0
公务员	3 3 0;2 3 0
经济学	3 3 0;3 1 0
彭定康	2 3 0;0 1 2
科技界	3 3 0;2 3 0
邝其志	2 3 0;0 1 2
孩子们	3 1 0;0 1 2
保护法	3 3 0;3 1 0
黄星华	2 3 0;0 1 2
邮电部	3 3 0;2 3 0
标准化	3 3 0;2 3 0
后遗症	3 3 0;2 3 0
花灌木	0 3 0;2 3 0
周解蓉	2 3 0;0 1 2
特派员	3 1 0;2 3 0
责任者	2 3 0;3 1 0
胡泰然	2 3 0;0 1 2
戏剧团	3 3 0;2 3 0
贸易额	3 3 0;2 3 0
狗不理	3 3 0;2 3 0
总经理	2 0 0;2 3 0
朱丽兰	2 3 0;0 1 2
反酗酒	2 0 2;3 0 2
狮子会	3 1 0;2 3 0
禁飞区	3 1 0;2 3 0
汪道涵	2 3 0;0 1 2
视学处	3 1 0;2 3 0
容安才	2 3 0;0 1 2
三成多	2 3 0;2 0 1
体育场	3 3 0;2 3 0
成立于	3 3 0;0 1 2
孙怀玉	2 3 0;0 1 2
副总裁	3 3 0;2 3 0
压缩机	3 3 0;3 1 0
共同点	3 3 0;3 1 0
中南海	3 3 0;2 3 0
管理局	3 3 0;3 1 0
副团长	3 3 0;2 3 0
狮子村	3 1 0;2 3 0
棕榈科	3 3 0;2 3 0
四十多	2 3 0;2 0 1
零组件	3 3 0;2 3 0
风景区	3 3 0;2 3 0
庄世平	2 3 0;0 1 2
四百多	2 3 0;2 0 1
油气田	3 3 0;2 3 0
霍淑珍	2 3 0;0 1 2
郭凤莲	2 3 0;0 1 2
训练班	3 3 0;2 3 0
王永秋	2 3 0;0 1 2
经济带	3 3 0;3 1 0
江国成	2 3 0;0 1 2
纪念品	3 3 0;2 3 0
顾万明	2 3 0;0 1 2
援助款	3 3 0;2 3 0
实际上	2 3 0;2 0 1
二千多	2 3 0;2 0 1
周永康	2 3 0;0 1 2
郭大岳	2 3 0;0 1 2
副总理	3 3 0;2 3 0
得益于	0 1 1;0 1 2
刘中一	2 3 0;0 1 2
安全性	2 3 0;3 1 0
自行车	3 3 0;2 3 0
洗衣机	2 3 0;3 1 0
副部长	3 3 0;2 3 0
杨伟光	2 3 0;0 1 2
萧耀南	2 3 0;0 1 2
李岚清	2 3 0;0 1 2
卢仁法	2 3 0;0 1 2
开放式	3 3 0;2 3 0
红十字	3 3 0;2 3 0
代理行	3 1 0;2 3 0
摩托车	3 3 0;2 3 0
制造业	3 3 0;2 3 0
建设部	3 3 0;2 3 0
何广怀	2 3 0;0 1 2
吴邦国	2 3 0;0 1 2
晶圆厂	3 3 0;2 3 0
卫生部	2 3 0;3 1 0
费孝通	2 3 0;0 1 2
教育局	3 3 0;2 3 0
复制品	3 3 0;2 3 0
丁宝忠	2 3 0;0 1 2
东西部	3 3 0;3 1 0
显像管	3 3 0;3 1 0
胡晓光	2 3 0;0 1 2
年平均	3 3 0;2 3 0
参与者	3 3 0;3 1 0
突破口	2 3 0;3 1 0
八百多	2 3 0;2 0 1
服务部	2 3 0;3 1 0
残疾人	3 3 0;2 3 0
不稳定	3 3 0;2 3 0
仪仗队	3 3 0;2 3 0
直辖市	3 3 0;2 3 0
俱孟军	2 3 0;0 1 2
韩忠学	2 3 0;0 1 2
外经贸	2 0 0;2 3 0
牛栋春	2 3 0;0 1 2
舞蹈家	3 3 0;2 3 0
沈联涛	2 3 0;0 1 2
承包期	3 1 0;2 3 0
谢尔博	2 3 0;0 1 2
高等级	2 0 0;2 3 0
一万多	2 3 0;2 0 1
建设性	3 3 0;3 1 0
调整期	3 3 0;3 1 0
教育署	3 3 0;2 3 0
有意义	0 1 1;0 3 1
旅游团	3 3 0;3 1 0
生产国	3 3 0;2 3 0
总公司	3 3 0;2 3 0
程至善	2 0 2;0 1 2
李达昌	2 3 0;0 1 2
多样化	3 3 0;2 3 0
监督局	3 3 0;2 3 0
可持续	2 0 0;2 3 0
创造性	3 3 0;2 3 0
农牧业	3 3 0;2 3 0
两千多	2 3 0;2 0 1
苏汉波	2 3 0;0 1 2
运动员	3 3 0;2 3 0
尽可能	0 1 1;2 3 0
承包商	3 1 0;2 3 0
伤残人	3 3 0;2 3 0
会计师	3 3 0;2 3 0
能源部	3 3 0;2 3 0
微电子	2 3 0;3 0 2
高德柱	2 3 0;0 1 2
黄河明	2 3 0;0 1 2
国内外	0 1 1;0 1 2
老总们	2 3 0;2 0 1
来源于	3 3 0;0 1 2
黄龙云	2 3 0;0 1 2
十一亿	3 3 0;2 3 0
生产型	3 3 0;2 3 0
保护区	3 3 0;3 1 0
响当当	0 1 1;0 3 1
奖学金	2 3 0;3 1 0
旧金山	3 3 0;2 3 0
李志国	2 3 0;0 1 2
交易日	3 3 0;3 1 0
金三角	3 3 0;2 3 0
三亿多	2 3 0;2 0 1
手续费	3 3 0;2 3 0
徐匡迪	2 3 0;0 1 2
成长率	3 3 0;2 3 0
截至到	3 3 0;2 3 0
采收率	2 3 0;3 1 0
钱宇红	2 3 0;0 1 2
资策会	3 3 0;2 3 0
曹大元	2 3 0;0 1 2
箴言报	3 1 0;2 3 0
房地产	3 3 0;3 1 0
地方性	2 3 0;3 1 0
管理司	3 3 0;3 1 0
会员国	3 1 0;2 3 0
马友友	2 3 0;0 1 2
捕捞量	3 3 0;2 3 0
不景气	2 3 0;3 0 2
邮政局	3 1 0;2 3 0
贸易区	3 3 0;2 3 0
农渔业	3 3 0;2 3 0
中东欧	3 3 0;2 3 0
计划署	3 3 0;2 3 0
信息网	3 3 0;2 3 0
观察员	3 3 0;2 3 0
废弃物	3 3 0;2 3 0
持有人	3 3 0;3 1 0
审计法	3 3 0;2 3 0
购物袋	2 3 0;3 1 0
控制权	3 3 0;3 1 0
经营权	3 3 0;3 1 0
朱启祯	2 3 0;0 1 2
演唱会	3 3 0;2 3 0
八万多	2 3 0;2 0 1
取决于	3 3 0;2 0 1
管理者	3 3 0;3 1 0
联合国	3 3 0;3 1 0
曾培炎	2 3 0;0 1 2
诉讼案	3 1 0;2 3 0
交易所	3 3 0;3 1 0
一下子	3 3 0;2 0 1
增长率	3 3 0;3 1 0
运动史	3 3 0;2 3 0
一千余	2 3 0;2 0 1
尤其是	2 3 0;3 1 0
温家宝	2 3 0;0 1 2
邀请赛	3 3 0;2 3 0
处理器	2 3 0;3 1 0
十五亿	3 3 0;2 3 0
所在地	3 3 0;2 3 0
机械部	3 3 0;3 1 0
八十多	2 3 0;2 0 1
石永红	2 3 0;0 1 2
冯金灶	2 3 0;0 1 2
蓄积量	3 3 0;2 3 0
使用者	3 3 0;2 3 0
协议书	3 3 0;2 3 0
张旭明	2 3 0;0 1 2
地方志	2 3 0;3 1 0
多样性	3 3 0;2 3 0
施祥鹏	2 3 0;0 1 2
结合部	3 3 0;3 1 0
江时强	2 3 0;0 1 2
共同体	3 3 0;3 1 0
尚慕杰	2 3 0;0 1 2
办事处	2 3 0;3 1 0
参考报	3 3 0;2 3 0
密集型	3 3 0;2 3 0
业务量	3 3 0;2 3 0
副市长	3 3 0;2 3 0
邓小平	2 3 0;0 1 2
副代表	2 0 0;2 3 0
人事部	3 3 0;2 3 0
十五万	3 3 0;2 3 0
使用权	3 3 0;2 3 0
余瑛瑞	2 3 0;0 1 2
十一日	3 3 0;2 3 0
十一时	3 3 0;2 3 0
统计局	3 3 0;2 3 0
主干线	3 3 0;3 1 0
刘春曙	2 3 0;0 1 2
詹正田	2 3 0;0 1 2
第十四	2 3 0;0 3 1
宋浩京	2 3 0;0 1 2
投资商	2 3 0;3 1 0
了不起	3 3 0;2 3 0
工商业	3 3 0;2 3 0
出口值	2 3 0;3 1 0
顺差额	2 3 0;3 1 0
开发部	2 3 0;3 1 0
顾震球	2 3 0;0 1 2
投资类	2 3 0;3 1 0
康永华	2 3 0;0 1 2
成员们	3 1 0;2 0 1
制造厂	3 3 0;2 3 0
副书记	3 3 0;2 3 0
邹家华	2 3 0;0 1 2
责任感	2 3 0;3 1 0
生产厂	3 3 0;2 3 0
利用量	3 3 0;2 3 0
马克尼	2 3 0;0 1 2
自然人	2 3 0;3 1 0
集中地	2 3 0;3 1 0
党支部	3 3 0;2 3 0
而不是	3 3 0;2 3 0
来往于	2 0 2;0 1 2
经贸委	3 3 0;2 3 0
钢铁厂	3 3 0;3 1 0
收藏家	3 3 0;2 3 0
汤嘉宝	2 3 0;0 1 2
陈东升	2 3 0;0 1 2
查韦斯	2 3 0;0 1 2
总统府	3 3 0;2 3 0
区议会	3 3 0;2 3 0
半封闭	2 0 0;3 0 1
兵马俑	3 3 0;2 3 0
老一辈	3 3 0;2 3 0
第十八	2 3 0;0 3 1
第十六	2 3 0;0 3 1
原则性	3 3 0;2 3 0
球员们	3 1 0;2 0 1
刘雅鸣	2 3 0;0 1 2
唐龙彬	2 3 0;0 1 2
基本法	3 3 0;3 1 0
曲耕莘	2 3 0;0 1 2
投资额	2 3 0;3 1 0
李远哲	2 3 0;0 1 2
郑焕清	2 3 0;0 1 2
经贸厅	3 3 0;2 3 0
副局长	3 3 0;3 0 1
电冰箱	3 3 0;2 3 0
经纪人	3 3 0;2 3 0
港澳办	3 3 0;2 3 0
下游段	3 3 0;2 3 0
技工贸	0 0 0;2 3 0
汪洪洋	2 3 0;0 1 2
逆差额	2 3 0;3 1 0
顾秀莲	2 3 0;0 1 2
新闻界	3 3 0;2 3 0
三千多	2 3 0;2 0 1
开发局	2 3 0;3 1 0
气象局	3 3 0;2 3 0
刘宇一	2 3 0;0 1 2
孙中山	2 3 0;0 1 2
张立昌	2 3 0;0 1 2
第２０	2 3 0;0 3 1
餐饮业	3 3 0;3 1 0
张福森	2 3 0;0 1 2
马吉德	2 3 0;0 1 2
省政府	3 1 0;2 3 0
当事人	2 3 0;3 1 0
王发恩	2 3 0;0 1 2
三十多	2 3 0;2 0 1
雷洁琼	2 3 0;0 1 2
代表作	3 3 0;2 3 0
体育馆	3 3 0;2 3 0
胡宏伟	2 3 0;0 1 2
杨晓红	2 3 0;0 1 2
展览厅	3 3 0;3 1 0
枢纽港	3 3 0;3 1 0
犯罪率	2 3 0;3 1 0
严肃性	3 3 0;3 1 0
副议长	3 3 0;2 3 0
战胜国	2 3 0;3 1 0
第十二	2 3 0;0 3 1
毛泽东	2 3 0;0 1 2
聂卫平	2 3 0;0 1 2
供应方	3 3 0;3 1 0
反政府	0 1 2;2 3 0
根本性	3 3 0;3 1 0
田纪云	2 3 0;0 1 2
曹银康	2 3 0;0 1 2
吴作栋	2 3 0;0 1 2
决策权	3 3 0;3 1 0
闻世震	2 3 0;0 1 2
需求量	2 3 0;3 1 0
显示器	3 3 0;2 3 0
住宅区	2 3 0;3 1 0
纪念碑	3 3 0;2 3 0
购买金	3 3 0;2 3 0
张翼飞	2 3 0;0 1 2
精英赛	3 3 0;2 3 0
银行法	3 3 0;2 3 0
经常性	3 3 0;2 3 0
全哲洙	2 3 0;0 1 2
第十一	2 3 0;0 3 1
宗焕平	2 3 0;0 1 2
代表们	3 3 0;2 0 1
流动性	2 3 0;3 1 0
权威性	3 3 0;2 3 0
第十七	2 3 0;0 3 1
曾荫权	2 3 0;0 1 2
邓亚平	2 3 0;0 1 2
总书记	3 3 0;2 3 0
成员国	3 1 0;2 3 0
李铁映	2 3 0;0 1 2
第十九	2 3 0;0 3 1
天然林	2 3 0;3 1 0
五万多	2 3 0;2 0 1
第十五	2 3 0;0 3 1
周根良	2 3 0;0 1 2
贸易部	3 3 0;2 3 0
刘华清	2 3 0;0 1 2
布里坦	2 3 0;0 1 2
两成半	2 3 0;2 0 1
鲁杰罗	2 3 0;0 1 2
缔约国	3 3 0;3 1 0
参访团	3 3 0;2 3 0
示范区	3 3 0;3 1 0
凌广志	2 3 0;0 1 2
统计处	3 3 0;2 3 0
吴晓灵	2 3 0;0 1 2
大紫荆	3 3 0;2 3 0
翁月华	2 3 0;0 1 2
十多万	2 3 0;3 1 0
张循海	2 3 0;0 1 2
惩教署	3 3 0;2 3 0
文艺界	3 3 0;2 3 0
高低杠	3 3 0;2 3 0
县政府	3 1 0;2 3 0
杨国钧	2 3 0;0 1 2
新闻稿	3 3 0;2 3 0
宣传品	3 3 0;2 3 0
委员会	3 1 0;2 3 0
纺织品	3 3 0;2 3 0
局限性	3 3 0;2 3 0
董建华	2 3 0;0 1 2
蒋祝平	2 3 0;0 1 2
林发新	2 3 0;0 1 2
工商界	3 3 0;2 3 0
张朝祥	2 3 0;0 1 2
全文燮	2 3 0;0 1 2
姜憬莉	2 3 0;0 1 2
展览室	3 3 0;3 1 0
六十多	2 3 0;2 0 1
始建于	2 3 0;2 0 1
总承包	2 3 0;3 0 2
货包机	3 3 0;2 3 0
胡锦涛	2 3 0;0 1 2
佼佼者	3 3 0;2 3 0
中译本	3 3 0;2 3 0
发展史	3 3 0;2 3 0
传感器	3 3 0;3 1 0
来自于	3 1 0;0 1 2
开放型	3 3 0;3 1 0
联合体	3 3 0;2 3 0
兼并方	3 3 0;3 1 0
丁肇中	2 3 0;0 1 2
二万多	2 3 0;2 0 1
石万鹏	2 3 0;0 1 2
十亿多	2 3 0;2 0 1
钱正英	2 3 0;0 1 2
魏根深	2 3 0;0 1 2
栗建昌	2 3 0;0 1 2
附加值	3 3 0;2 3 0
投资案	2 3 0;3 1 0
森林法	3 3 0;2 3 0
李近维	2 3 0;0 1 2
专家们	2 3 0;2 0 1
医生们	2 3 0;2 0 1
筹委会	2 3 0;3 1 0
集约型	3 3 0;2 3 0
刘忆如	2 3 0;0 1 2
叶荣光	2 3 0;0 1 2
执委会	2 3 0;3 1 0
志愿者	3 3 0;2 3 0
王炜中	2 3 0;0 1 2
试验区	3 3 0;2 3 0
元器件	3 3 0;2 3 0
交货期	2 3 0;3 1 0
留学生	2 3 0;3 1 0
分公司	3 3 0;2 3 0
丝织品	3 3 0;2 3 0
经营者	3 3 0;2 3 0
一万余	2 3 0;2 0 1
房屋科	3 3 0;2 3 0
或者说	3 3 0;3 1 0
聚集地	3 3 0;2 3 0
总容量	3 3 0;2 3 0
冯煦初	2 3 0;0 1 2
朱格林	2 3 0;0 1 2
音乐史	3 3 0;2 3 0
报收于	2 3 0;3 0 2
财政司	3 1 0;2 3 0
发祥地	3 1 0;2 3 0
发展中	3 3 0;2 0 1
用途林	3 3 0;2 3 0
行洪区	3 1 0;2 3 0
公平会	2 3 0;3 1 0
观察家	3 3 0;2 3 0
段和段	2 0 2;2 3 0
生活费	3 3 0;2 3 0
鹿永建	2 3 0;0 1 2
准备金	3 3 0;2 3 0
经贸界	3 3 0;2 3 0
排放量	3 3 0;2 3 0
金日成	2 3 0;0 1 2
事务性	3 3 0;2 3 0
法律系	3 3 0;2 3 0
调查组	3 3 0;2 3 0
生产力	3 3 0;2 3 0
王述祖	2 3 0;0 1 2
机械化	3 3 0;3 1 0
通行证	3 1 0;2 3 0
深加工	2 0 2;3 0 2
刘镇武	2 3 0;0 1 2
大中型	3 3 0;3 1 0
前不久	3 3 0;2 3 0
有利于	2 3 0;0 1 2
两亿多	2 3 0;2 0 1
杜阿利	2 3 0;0 1 2
张海涛	2 3 0;0 1 2
谢金虎	2 3 0;0 1 2
董瑞斌	2 3 0;0 1 2
乐绍延	2 3 0;0 1 2
明朗化	3 3 0;2 3 0
张持坚	2 3 0;0 1 2
设备厂	2 3 0;3 1 0
卫铁民	2 3 0;0 1 2
沈锡权	2 3 0;0 1 2
生产性	3 3 0;2 3 0
尚福林	2 3 0;0 1 2
管理法	3 3 0;3 1 0
娃哈哈	2 0 0;2 3 0
外高桥	3 3 0;2 3 0
吸引力	3 3 0;3 1 0
出入境	3 3 0;2 3 0
备忘录	3 1 0;2 3 0
二三十	3 3 0;2 3 0
事务所	3 3 0;3 1 0
所有人	3 3 0;2 3 0
干扰素	3 3 0;2 3 0
自由港	3 3 0;3 1 0
泊位群	3 3 0;2 3 0
史纪良	2 3 0;0 1 2
洽谈会	3 3 0;2 3 0
韩振军	2 3 0;0 1 2
思想家	3 3 0;3 1 0
许祖华	2 3 0;0 1 2
高科技	2 0 0;3 0 2
一亿多	2 3 0;2 0 1
华以刚	2 3 0;0 1 2
十一月	3 3 0;2 3 0
子公司	3 3 0;2 3 0
投资区	2 3 0;3 1 0
张学良	2 3 0;0 1 2
天然气	2 3 0;3 1 0
完成量	2 3 0;3 1 0
周宗敏	2 3 0;0 1 2
营业额	2 3 0;3 1 0
东北军	3 3 0;3 1 0
东北亚	3 3 0;3 1 0
丛文滋	2 3 0;0 1 2
分析家	3 3 0;2 3 0
王光英	2 3 0;0 1 2
兼并案	3 3 0;2 3 0
种植业	3 3 0;2 3 0
董学清	2 3 0;0 1 2
胡令珠	2 3 0;0 1 2
非银行	3 3 0;2 3 0
杀伤性	2 3 0;3 1 0
多功能	2 0 0;3 0 2
连续性	3 3 0;2 3 0
发展局	3 3 0;2 3 0
内政部	3 1 0;2 3 0
二十多	2 3 0;2 0 1
高清愿	2 3 0;0 1 2
张有浩	2 3 0;0 1 2
身份证	2 3 0;3 1 0
周长庆	2 3 0;0 1 2
组委会	2 3 0;3 1 0
科技部	3 3 0;3 1 0
飘带型	2 3 0;3 1 0
体育界	3 3 0;2 3 0
跨部门	0 1 1;0 3 1
财政部	3 1 0;2 3 0
睦镇硕	2 3 0;0 1 2
增加值	3 3 0;3 1 0
交易商	3 3 0;3 1 0
同胞们	2 3 0;2 0 1
刘方仁	2 3 0;0 1 2
研究生	3 3 0;3 1 0
叶笃庄	2 3 0;0 1 2
评论员	3 3 0;2 3 0
标准箱	3 3 0;2 3 0
古力特	2 3 0;0 1 2
颜为民	2 3 0;0 1 2
开放区	3 3 0;2 3 0
防城港	2 3 0;3 1 0
养殖业	3 3 0;2 3 0
跨世纪	0 1 1;0 3 1
八十余	2 3 0;2 0 1
企事业	3 3 0;2 3 0
旅游年	3 3 0;3 1 0
研究室	3 3 0;3 1 0
盛华仁	2 3 0;0 1 2
柴骥程	2 3 0;0 1 2
援助国	3 3 0;2 3 0
全天候	2 3 0;3 0 2
封闭令	3 3 0;2 3 0
适用于	2 0 2;2 0 1
独联体	3 3 0;2 3 0
理事国	2 3 0;3 1 0
化肥厂	2 3 0;3 1 0
中小型	3 3 0;3 1 0
讨论会	3 3 0;3 1 0
钱其琛	2 3 0;0 1 2
王宽诚	2 3 0;0 1 2
医疗费	3 3 0;2 3 0
规范化	3 3 0;2 3 0
大自然	3 3 0;2 3 0
史美泗	2 3 0;0 1 2
学者们	2 3 0;2 0 1
交易会	3 3 0;3 1 0
杨福田	2 3 0;0 1 2
所有制	3 3 0;2 3 0
前辈们	2 3 0;2 0 1
刘天健	2 3 0;0 1 2
中外资	3 3 0;2 3 0
安启光	2 3 0;0 1 2
洞庭湖	3 3 0;2 3 0
龙永图	2 3 0;0 1 2
书家们	2 3 0;2 0 1
总领事	2 0 2;2 3 0
王丽丽	2 3 0;0 1 2
战斗机	3 3 0;2 3 0
法新社	3 3 0;2 3 0
依存度	2 3 0;3 1 0
记忆体	3 3 0;2 3 0
一阵子	3 3 0;3 0 2
吉祥物	3 3 0;2 3 0
许常惠	2 3 0;0 1 2
荣毅仁	2 3 0;0 1 2
数据库	2 3 0;3 1 0
再就业	2 0 2;3 0 2
教育部	3 3 0;2 3 0
博士后	2 3 0;2 0 1
同学们	2 3 0;2 0 1
代表队	3 3 0;2 3 0
卢瑞华	2 3 0;0 1 2
外务省	3 3 0;2 3 0
刘昌赫	2 3 0;0 1 2
申请书	2 3 0;3 1 0
投资者	2 3 0;3 1 0
红新月	3 3 0;0 1 2
再生产	3 3 0;2 3 0
俞宗怡	2 3 0;0 1 2
效益型	3 3 0;3 1 0
丁士晟	2 3 0;0 1 2
江丙坤	2 3 0;0 1 2
棉纺织	2 0 0;2 3 0
覃立模	2 3 0;0 1 2
李高朝	2 3 0;0 1 2
唐家璇	2 3 0;0 1 2
毁灭性	3 3 0;2 3 0
宽限期	3 1 0;2 3 0
保荐人	3 3 0;2 3 0
进出口	3 3 0;3 1 0
叶迪生	2 3 0;0 1 2
贝聿泷	2 3 0;0 1 2
海外版	3 3 0;3 1 0
城里人	2 3 0;3 1 0
占有率	3 3 0;3 1 0
季后赛	2 3 0;3 1 0
王军民	2 3 0;0 1 2
东南亚	3 3 0;3 1 0
大榭岛	3 3 0;2 3 0
进出区	3 3 0;3 1 0
贸易性	3 3 0;2 3 0
营业员	2 3 0;3 1 0
一百多	2 3 0;2 0 1
纪念日	3 3 0;2 3 0
军停会	3 3 0;2 3 0
王格武	2 3 0;0 1 2
毕惠罗	2 3 0;0 1 2
清一色	3 3 0;2 3 0
谷永江	2 3 0;0 1 2
贝殷思	2 3 0;0 1 2
交易额	3 3 0;3 1 0
慎海雄	2 3 0;0 1 2
局限于	2 0 2;2 3 0
张万年	2 3 0;0 1 2
五百多	2 3 0;2 0 1
集散地	3 3 0;3 1 0
李钟发	2 3 0;0 1 2
贡献率	3 3 0;3 1 0
之所以	0 1 1;2 3 0
二十几	2 3 0;2 0 1
征管法	3 3 0;3 1 0
振荡器	3 3 0;2 3 0
李晴扬	2 3 0;0 1 2
李家声	2 3 0;0 1 2
交通部	3 3 0;2 3 0
迟浩田	2 3 0;0 1 2
徐兴堂	2 3 0;0 1 2
幼稚园	3 3 0;2 3 0
朱鉴凡	2 3 0;0 1 2
建筑物	3 3 0;2 3 0
农林厅	3 3 0;3 1 0
有助于	3 3 0;3 0 2
出资额	2 3 0;3 1 0
参议员	3 3 0;2 3 0
通胀率	3 3 0;2 3 0
五十多	2 3 0;2 0 1
姚振炎	2 3 0;0 1 2
亏损额	3 3 0;3 1 0
陈敏章	2 3 0;0 1 2
非国大	2 3 0;3 0 1
国内行	2 3 0;3 1 0
无怪乎	2 0 2;3 0 1
杜尚别	2 3 0;0 1 2
民政部	3 1 0;0 1 2
全日制	3 1 0;2 3 0
研究员	3 3 0;3 1 0
投产率	3 1 0;2 3 0
副处长	3 3 0;2 3 0
联合报	3 3 0;2 3 0
突破性	2 3 0;3 1 0
副司长	2 3 0;3 1 0
代表团	3 3 0;2 3 0
冯昌勇	2 3 0;0 1 2
改扩建	3 3 0;2 3 0
李志仁	2 3 0;0 1 2
四千多	2 3 0;3 1 0
黄昌瑞	2 3 0;0 1 2
洋华堂	3 3 0;2 3 0
丁坚铭	2 3 0;0 1 2
恢复性	3 3 0;3 1 0
供应量	3 3 0;3 1 0
影响力	3 3 0;2 3 0
张锦胜	2 3 0;0 1 2
连接器	3 3 0;2 3 0
交通厅	3 3 0;2 3 0
制成品	2 3 0;3 1 0
副外长	3 3 0;2 3 0
郭龙臣	2 3 0;0 1 2
储蓄所	3 1 0;2 3 0
研究会	3 3 0;3 1 0
潘永明	2 3 0;0 1 2
西北部	3 3 0;3 1 0
侯家驹	2 3 0;0 1 2
一千多	2 3 0;2 0 1
运动会	3 3 0;2 3 0
国务院	3 3 0;2 3 0
市政局	3 1 0;2 3 0
柴松岳	2 3 0;0 1 2
发行人	3 1 0;2 3 0
认同感	3 3 0;3 1 0
毛江森	2 3 0;0 1 2
基本上	3 3 0;0 1 2
卜华志	2 3 0;0 1 2
录影带	2 3 0;3 1 0
试点港	2 3 0;3 1 0
有待于	2 3 0;3 1 0
覆盖率	3 3 0;3 1 0
领导者	3 3 0;2 3 0
金硕仁	2 3 0;0 1 2
母公司	3 3 0;2 3 0
陈德福	2 3 0;0 1 2
十五日	3 3 0;2 3 0
周鹤洋	2 3 0;0 1 2
马毓真	2 3 0;0 1 2
珠三角	3 3 0;2 3 0
沥青石	3 3 0;2 3 0
为什么	2 0 2;2 3 0
七百多	2 3 0;2 0 1
明石康	2 3 0;0 1 2
开发商	2 3 0;3 1 0
苏德新	2 3 0;0 1 2
座谈会	3 3 0;2 3 0
李建民	2 3 0;0 1 2
产销率	3 3 0;3 1 0
中下层	3 3 0;3 1 0
二百多	2 3 0;2 0 1
毕业于	2 3 0;0 1 2
数量型	3 3 0;2 3 0
巫奕龙	2 3 0;0 1 2
谢汝茂	2 3 0;0 1 2
制药业	2 3 0;3 1 0
负责制	2 3 0;3 1 0
筹备处	3 3 0;3 1 0
李光真	2 3 0;0 1 2
王志根	2 3 0;0 1 2
颗粒状	3 3 0;2 3 0
小轿车	3 3 0;2 3 0
房屋局	3 3 0;2 3 0
永久性	3 3 0;2 3 0
罗安达	2 3 0;0 1 2
观察团	3 3 0;2 3 0
副省长	3 3 0;2 3 0
焦柏忠	2 3 0;0 1 2
副会长	3 3 0;2 3 0
茉织华	3 3 0;0 1 2
标准日	3 3 0;2 3 0
刘习良	2 3 0;0 1 2
杨爱国	2 3 0;0 1 2
条形码	3 3 0;2 3 0
改制面	3 3 0;3 1 0
系统化	3 3 0;3 1 0
渔民们	2 3 0;2 0 1
中长期	3 3 0;2 3 0
交互式	3 3 0;2 3 0
管理权	3 3 0;3 1 0
马晓春	2 3 0;0 1 2
负荷量	3 1 0;2 3 0
不利于	2 3 0;2 0 1
仓修良	2 3 0;0 1 2
张建松	2 3 0;0 1 2
服务组	3 3 0;3 1 0
郑耀棠	2 3 0;0 1 2
张荣典	2 3 0;0 1 2
工农业	3 3 0;2 3 0
胡锁锦	2 3 0;0 1 2
邱瑞金	2 3 0;0 1 2
交货值	2 3 0;3 1 0
下一步	3 3 0;2 3 0
海内外	0 1 1;0 1 2
车晓蕙	2 3 0;0 1 2
申请人	2 3 0;3 1 0
上下游	3 3 0;3 1 0
戴相龙	2 3 0;0 1 2
偷渡者	3 1 0;2 3 0
落叶松	2 3 0;3 1 0
服务业	3 3 0;3 1 0
苏梅克	2 3 0;0 1 2
司令部	3 1 0;2 3 0
凝聚力	3 3 0;2 3 0
孙志平	2 3 0;0 1 2
大规模	2 3 0;3 0 2
吞吐量	3 3 0;3 1 0
三万多	2 3 0;2 0 1
福利院	3 3 0;3 1 0
七亿多	2 3 0;2 0 1
报告会	3 3 0;3 1 0
查瑞传	2 3 0;0 1 2
回归颂	3 3 0;2 3 0
对象国	3 3 0;3 1 0
俞晓松	2 3 0;0 1 2
系列赛	3 3 0;2 3 0
柯赫男	2 3 0;0 1 2
徐奉洙	2 3 0;0 1 2
陆佑楣	2 3 0;0 1 2
张学友	2 3 0;0 1 2
学生们	2 3 0;2 0 1
杨庆文	2 3 0;0 1 2
责任制	2 3 0;3 1 0
辜振甫	2 3 0;0 1 2
东南部	3 3 0;3 1 0
摄影机	2 3 0;3 1 0
三百多	2 3 0;2 0 1
经济界	3 3 0;3 1 0
崔明勋	2 3 0;0 1 2
指令性	3 3 0;3 1 0
工商会	3 3 0;2 3 0
政治犯	3 3 0;2 3 0
兵役法	3 3 0;2 3 0
贸工部	3 3 0;2 3 0
马伯乐	2 3 0;0 1 2
不得不	2 3 0;2 0 1
旅游业	3 3 0;3 1 0
青壮年	3 3 0;2 3 0
志愿军	3 3 0;2 3 0
跨地区	0 1 1;0 3 1
自由式	3 3 0;2 3 0
事实上	2 3 0;2 0 1
经济部	3 3 0;3 1 0
水陆空	0 0 0;2 3 0
理事会	2 3 0;3 1 0
信用卡	3 3 0;3 1 0
胡楚生	2 3 0;0 1 2
面对面	2 0 2;3 0 1
李红旗	2 3 0;0 1 2
必要性	3 3 0;2 3 0
李德汉	2 3 0;0 1 2
过渡期	3 3 0;2 3 0
标准煤	3 3 0;2 3 0
处理厂	2 3 0;3 1 0
增长点	3 3 0;3 1 0
市政府	3 1 0;2 3 0
军政权	3 1 0;2 3 0
周恩来	2 3 0;0 1 2
研制者	3 3 0;2 3 0
非农业	3 3 0;2 3 0
委员长	3 1 0;2 3 0
九百多	2 3 0;2 0 1
五千多	2 3 0;2 0 1
莫过于	2 3 0;3 0 2
截止到	3 3 0;2 3 0
采购量	3 3 0;2 3 0
传销商	3 3 0;2 3 0
交换机	3 3 0;2 3 0
刘小光	2 3 0;0 1 2
展览会	3 3 0;3 1 0
杨希伟	2 3 0;0 1 2
分析员	3 3 0;2 3 0
境内外	0 1 1;0 1 2
检察院	3 3 0;2 3 0
郑大方	2 3 0;0 1 2
周晓梅	2 3 0;0 1 2
系列化	3 3 0;2 3 0
会员卡	3 1 0;2 3 0
股份制	2 3 0;3 1 0
六千多	2 3 0;2 0 1
朱冬菊	2 3 0;0 1 2
清晰度	3 3 0;3 1 0
责任人	2 3 0;3 1 0
劳动党	2 3 0;3 1 0
屋宇署	3 3 0;2 3 0
二十余	2 3 0;2 0 1
副厅长	3 3 0;2 3 0
失业率	2 3 0;3 1 0
爱好者	3 3 0;3 1 0
首游式	3 3 0;2 3 0
陈福今	2 3 0;0 1 2
四万多	2 3 0;2 0 1
教科文	0 0 0;2 3 0
八亿多	2 3 0;2 0 1
旅游局	3 3 0;3 1 0
四亿多	2 3 0;2 0 1
拉木鼓	0 3 1;2 3 0
副所长	3 3 0;2 3 0
副厂长	3 3 0;2 3 0
解放军	3 3 0;2 3 0
油气区	3 3 0;3 1 0
抢劫罪	3 3 0;2 3 0
车玉明	2 3 0;0 1 2
研修班	3 3 0;2 3 0
孙振宇	2 3 0;0 1 2
政务司	3 3 0;2 3 0
约束力	3 3 0;2 3 0
主席国	3 3 0;2 3 0
中西部	3 3 0;2 3 0
研究院	3 3 0;3 1 0
候选人	2 3 0;3 1 0
金钟道	2 3 0;0 1 2
总协定	3 3 0;2 3 0
锦标赛	3 3 0;2 3 0
加入者	2 3 0;3 1 0
给排水	3 3 0;0 1 2
战士们	2 3 0;2 0 1
第十三	2 3 0;0 3 1
非国有	3 3 0;2 3 0
张良栋	2 3 0;0 1 2
普及率	3 3 0;2 3 0
教练员	3 3 0;2 3 0
流行乐	3 3 0;2 3 0
李志村	2 3 0;0 1 2
购买力	3 3 0;2 3 0
十多亿	2 3 0;3 1 0
警察局	3 3 0;2 3 0
所有权	3 3 0;2 3 0
营业部	2 3 0;3 1 0
伏明霞	2 3 0;0 1 2
劳动力	2 3 0;3 1 0
马立新	2 3 0;0 1 2
段祺华	2 3 0;0 1 2
营业性	2 3 0;3 1 0
联合会	3 3 0;2 3 0
翟景升	2 3 0;0 1 2
何栋材	2 3 0;0 1 2
实习生	3 3 0;2 3 0
厉以宁	2 3 0;0 1 2
周宗欣	2 3 0;0 1 2
对外部	3 3 0;3 1 0
曹薰铉	2 3 0;0 1 2
考察团	3 3 0;2 3 0
刘峻岫	2 3 0;0 1 2
东西方	3 3 0;3 1 0
王亚东	2 3 0;0 1 2
司令员	3 1 0;2 3 0
青少年	3 3 0;2 3 0
３０多	2 3 0;2 0 1
夏儒阁	2 3 0;0 1 2
研究所	3 3 0;3 1 0
邮政署	3 1 0;2 3 0
沈国放	2 3 0;0 1 2
防护林	3 3 0;2 3 0
大部分	2 3 0;3 0 2
参议院	3 3 0;2 3 0
动植物	3 3 0;2 3 0
外经贸部	2 4 4 0;2 3 4 0
经济学家	3 3 4 0;3 1 4 0
十一月份	4 4 4 0;2 3 4 0
最轻量级	2 3 4 0;2 3 5 0
二十多亿	2 3 4 0;2 4 1 0
取而代之	2 3 0 3;4 1 0 3
不约而同	2 4 4 0;2 3 4 0
第五十二	0 1 1 1;0 3 4 1
恍然大悟	2 4 4 0;2 3 4 0
一无所知	4 4 4 0;2 3 4 0
尽收眼底	2 0 4 2;2 0 4 1
不知不觉	2 0 2 2;2 3 4 0
齐头并进	2 4 4 0;2 3 4 0
通货膨胀	2 3 0 0;2 4 0 3
无以为继	2 4 4 0;2 3 4 0
资本主义	2 3 4 0;3 1 4 0
严阵以待	4 4 4 0;2 3 4 0
３００多	2 3 4 0;2 3 0 1
古生物界	4 3 4 0;2 3 4 0
一席之地	2 4 4 0;2 3 4 0
还政于民	0 1 1 3;0 1 2 3
红十字会	3 3 4 0;2 3 4 0
欢聚一堂	2 0 4 2;2 0 3 1
理所当然	4 1 4 0;2 3 4 0
百分之三	2 3 4 0;3 4 2 0
名闻遐迩	2 0 2 2;2 0 4 1
喜忧参半	3 3 0 3;2 4 0 3
鹤立鸡群	2 0 4 2;2 0 4 1
排油烟机	4 3 1 0;4 1 2 0
百分之百	2 3 4 0;3 4 2 0
始终不渝	3 3 4 0;2 3 4 0
大同小异	2 0 4 0;2 3 4 0
四通八达	4 4 4 0;2 3 4 0
变幻无常	3 3 4 0;0 1 4 2
相提并论	4 4 4 0;2 3 4 0
源远流长	4 1 4 0;2 4 0 3
举世闻名	2 3 0 3;2 4 0 3
不计其数	2 0 4 2;2 0 4 1
一模一样	2 0 4 0;2 3 4 0
廉洁奉公	3 3 0 3;2 4 0 1
安居乐业	2 0 4 0;2 3 4 0
大功告成	2 3 0 3;2 3 4 0
形形色色	2 0 4 0;2 3 4 0
稳中求进	2 3 0 3;4 1 0 3
密不可分	3 3 0 3;2 3 4 0
大提琴家	4 4 4 0;2 3 4 0
不负责任	2 0 2 2;4 0 2 3
大惊小怪	2 0 4 0;2 3 4 0
因地制宜	3 1 0 3;2 4 0 3
一帆风顺	2 4 4 0;2 3 4 0
失之交臂	0 1 4 1;4 1 0 3
望而却步	3 1 0 3;4 1 0 3
防城港市	2 3 4 0;3 1 4 0
史无前例	2 0 4 2;2 3 4 0
一如既往	2 4 4 0;2 3 4 0
来之不易	0 1 4 1;0 1 4 2
五十多亿	2 3 4 0;2 4 1 0
不折不扣	2 0 2 2;2 3 4 0
八千多万	2 3 4 0;2 4 1 0
破土动工	0 1 0 3;4 1 0 3
绝无仅有	4 4 4 0;2 3 4 0
精打细算	2 0 4 0;2 3 4 0
五千多万	2 3 4 0;2 3 1 0
迄今为止	2 3 4 0;3 1 4 0
紧锣密鼓	2 0 4 0;2 3 4 0
息息相关	4 4 4 0;2 3 4 0
单打独斗	2 0 4 0;2 3 4 0
千方百计	2 0 4 0;2 3 4 0
事关重大	2 0 2 2;2 3 4 0
目不暇给	4 3 4 0;2 3 4 0
百分之六	2 3 4 0;3 4 2 0
各行各业	2 0 4 0;2 3 4 0
十一点一	3 3 0 3;2 3 4 0
法古不泥	4 1 4 0;3 1 4 0
错综复杂	2 0 4 0;2 3 4 0
四十多亿	2 3 4 0;2 4 1 0
热热闹闹	0 0 0 0;2 3 4 0
三十多万	2 3 4 0;2 3 1 0
三十多亿	2 3 4 0;2 3 1 0
被保险人	4 1 2 0;3 4 2 0
长久以来	3 3 4 0;2 3 4 0
或多或少	2 0 4 0;2 3 4 0
众望所归	2 0 4 2;2 3 4 0
一千多万	2 3 4 0;2 4 1 0
认购一空	4 4 4 0;2 0 3 1
四十多万	2 3 4 0;2 4 1 0
足协杯赛	3 3 4 0;2 3 4 0
收录放机	4 4 4 0;2 3 4 0
忧心忡忡	0 1 1 1;2 3 4 0
有声有色	2 0 4 0;4 1 0 3
点点滴滴	0 0 0 0;2 3 4 0
四分之一	2 3 4 0;3 4 2 0
星罗棋布	2 0 4 0;2 3 4 0
推波助澜	0 1 0 3;4 1 0 3
丰富多彩	4 4 4 0;2 3 4 0
董赵洪娉	4 4 4 0;0 1 2 3
举足轻重	3 1 4 0;0 1 4 2
进出口权	3 3 4 0;3 1 4 0
副总经理	4 4 4 0;2 3 4 0
救亡图存	4 1 4 0;4 1 0 3
应有尽有	2 0 4 0;2 3 4 0
自行车赛	3 3 4 0;2 3 4 0
自给自足	2 0 4 0;2 3 4 0
轻轻松松	0 0 0 0;2 3 4 0
分门别类	2 0 4 0;4 1 0 3
丝绸之路	3 3 4 0;2 3 4 0
指日可待	2 3 4 0;3 1 4 0
溢于言表	0 1 1 1;0 1 4 2
天文学家	4 4 4 0;3 1 4 0
六百多亿	2 3 4 0;2 4 1 0
扎扎实实	0 0 0 0;2 3 4 0
实事求是	2 3 0 3;2 4 0 3
五分之一	2 3 4 0;3 4 2 0
百分之九	2 3 4 0;3 4 2 0
独立自主	2 4 4 0;2 3 4 0
举世瞩目	2 3 0 3;2 4 0 3
苦不堪言	3 3 0 3;2 3 4 0
减员增效	0 1 0 3;4 1 0 3
高不可攀	3 3 0 3;2 3 4 0
引人注目	3 1 0 3;4 1 0 3
仁人志士	2 0 4 0;2 3 4 0
前所未有	3 1 4 0;2 3 4 0
扭亏为盈	3 1 0 3;4 1 0 2
商务部长	3 3 4 0;2 3 4 0
三分之二	2 3 4 0;3 4 2 0
雨后春笋	2 4 4 0;2 3 4 0
应运而生	2 4 4 0;3 1 4 0
家喻户晓	2 0 2 2;2 3 4 0
２０多万	2 3 4 0;2 4 1 0
一千多亿	2 3 4 0;2 4 1 0
５００多	2 3 4 0;2 3 0 1
１００多	2 3 4 0;2 3 0 1
别开生面	2 0 4 2;3 0 4 2
难以为继	2 4 4 0;2 3 4 0
４００多	2 3 4 0;2 3 0 1
轩然大波	2 4 4 0;3 1 4 0
土生土长	2 0 4 0;2 3 4 0
义不容辞	3 3 0 3;2 3 4 0
呼朋引伴	0 1 0 3;4 1 0 3
成千上万	0 1 0 3;2 3 4 0
二分之一	2 3 4 0;3 4 2 0
明争暗斗	2 0 2 2;2 3 4 0
收发货人	4 4 1 0;3 1 4 0
措手不及	2 4 4 0;3 1 4 0
十分之一	2 3 4 0;3 4 2 0
不败之地	2 3 4 0;2 0 4 1
一败涂地	2 3 0 3;2 4 0 3
全心全意	2 0 4 0;2 3 4 0
生物学家	3 3 4 0;2 3 4 0
不容忽视	2 4 4 0;2 3 4 0
三民主义	2 4 4 0;2 3 4 0
两千多万	2 3 4 0;2 3 1 0
四分之三	2 3 4 0;3 4 2 0
供不应求	3 3 0 3;2 3 4 0
企业家们	2 3 4 0;2 3 0 1
危机重重	2 3 0 0;2 3 4 0
戒急用忍	3 1 0 3;4 1 0 3
招兵买马	0 1 0 3;4 1 0 3
有条不紊	0 1 0 3;3 1 4 0
方兴未艾	0 1 0 3;2 3 4 0
大有可为	2 0 4 2;2 3 4 0
热闹滚滚	2 3 0 0;2 0 4 1
四千多万	2 3 4 0;2 4 1 0
接踵而至	2 3 4 0;3 1 4 0
百分之七	2 3 4 0;3 4 2 0
日新月异	2 0 4 0;2 3 4 0
突飞猛进	2 0 4 0;2 3 4 0
自力更生	2 3 0 3;2 3 4 0
众所周知	4 1 4 0;2 3 4 0
当务之急	4 4 4 0;2 3 4 0
四百多亿	2 3 4 0;2 4 1 0
初具规模	2 0 2 2;2 0 4 1
炙手可热	2 4 4 0;0 1 4 2
２００多	2 3 4 0;2 3 0 1
蚂蚁雄兵	2 4 4 0;2 3 4 0
得天独厚	0 1 0 3;3 1 4 0
三分之一	2 3 4 0;3 4 2 0
六十多亿	2 3 4 0;2 4 1 0
肆无忌惮	4 4 4 0;2 3 4 0
百分之二	2 3 4 0;3 4 2 0
百分之一	2 3 4 0;3 4 2 0
百分之五	2 3 4 0;3 4 2 0
投石问路	3 1 0 3;4 1 0 3
第二十九	2 3 4 0;0 3 4 1
副秘书长	4 3 4 0;2 3 4 0
坚韧不拔	4 4 4 0;2 3 4 0
如虎添翼	3 1 0 3;2 4 0 3
前一阵子	2 3 0 3;4 3 0 2
运动员村	3 3 4 0;2 3 4 0
副委员长	4 4 4 0;2 3 4 0
林林总总	0 0 0 0;2 3 4 0
百分之十	2 3 4 0;3 4 2 0
有利可图	3 1 4 0;2 3 4 0
愈演愈烈	2 0 4 0;2 0 4 1
第三十四	2 3 4 0;0 2 3 1
长治久安	2 0 4 0;2 3 4 0
源源不断	4 4 4 0;3 1 4 0
独占鳌头	2 0 4 2;3 0 4 2
二千多万	2 3 4 0;2 4 1 0
文艺复兴	3 3 0 3;2 3 4 0
千载难逢	2 4 4 0;2 3 4 0
十二亿多	2 3 4 0;2 3 0 1
六千多万	2 3 4 0;2 4 1 0
情有独钟	2 4 4 0;2 3 4 0
第二十八	2 3 4 0;0 3 4 1
兢兢业业	0 0 0 0;2 3 4 0
第二十四	2 3 4 0;0 3 4 1
五百多万	2 3 4 0;2 4 1 0
抓大放小	0 1 0 3;4 1 0 3
尽忠职守	2 3 4 0;3 1 4 0
有识之士	3 1 4 0;0 1 4 2
大学生们	2 3 4 0;2 3 0 1
一百多万	2 3 4 0;2 4 1 0
求同存异	2 0 4 0;4 1 0 3
名列前茅	2 0 2 2;2 3 4 0
截然不同	2 4 4 0;2 3 4 0
三位一体	4 4 4 0;2 3 4 0
推陈出新	0 1 0 3;4 1 0 3
外经贸委	2 4 4 0;2 3 4 0
绝大部分	2 3 4 0;2 4 0 3
三千多万	2 3 4 0;2 4 1 0
遥不可及	3 3 0 3;2 3 4 0
炎黄子孙	3 3 0 0;2 3 4 0
半壁江山	2 3 0 0;2 3 4 0
农副产品	3 3 4 0;2 3 4 0
流连忘返	2 3 0 3;2 3 4 0
五花八门	2 0 4 0;2 3 4 0
六百多万	2 3 4 0;2 4 1 0
参差不齐	3 3 4 0;3 1 4 0
进出口额	3 3 4 0;3 1 4 0
行之有效	0 1 1 3;0 1 4 2
观察员国	3 3 4 0;2 3 4 0
六厘零八	2 0 2 2;2 3 4 0
值得一提	2 4 4 0;3 1 4 0
大街小巷	2 0 4 0;2 3 4 0
百分之四	2 3 4 0;3 4 2 0
告士打道	2 3 4 0;2 4 0 3
相较之下	2 0 2 2;2 0 4 1
十二万多	2 3 4 0;2 3 0 1
野心勃勃	2 0 2 2;2 3 4 0
３４０多	2 3 4 0;2 3 0 1
有史以来	4 1 4 0;3 1 4 0
房地产业	3 3 4 0;2 3 4 0
半导体厂	2 3 4 0;3 4 2 0
脱贫致富	0 1 0 3;4 1 0 3
众所瞩目	3 1 0 3;2 4 0 3
微不足道	4 3 4 0;2 3 4 0
六十多万	2 3 4 0;2 3 1 0
量入为出	3 1 0 3;4 1 0 3
百分之八	2 3 4 0;3 4 2 0
霸权主义	2 4 4 0;2 3 4 0
胼手胝足	2 0 4 0;2 3 4 0
议论纷纷	3 3 0 0;2 0 4 1
南太平洋	4 3 4 0;2 3 4 0
顾此失彼	3 1 0 3;4 1 0 3
先灵葆雅	2 3 0 3;2 3 4 0
中南美洲	3 3 4 0;2 3 4 0
络绎不绝	4 4 4 0;2 3 4 0
大相迳庭	2 3 0 3;2 3 4 0
维尔京群岛	2 3 5 5 0;2 3 4 5 0
百分之三十	2 3 4 5 0;3 4 2 5 0
一百五十多	2 3 4 5 0;2 3 4 0 1
两千五百多	2 3 4 5 0;2 3 4 0 1
百分之四十	2 3 4 5 0;3 4 2 5 0
一千二百多	2 3 4 5 0;2 3 4 0 1
一千六百多	2 3 4 5 0;2 3 4 0 1
五分之一强	2 3 4 5 0;3 4 2 5 0
一百七十多	2 3 4 5 0;2 3 4 0 1
百分之七十	2 3 4 5 0;3 4 2 5 0
百分之十三	2 3 4 5 0;3 4 2 5 0
一千一百多	2 3 4 5 0;2 3 4 0 1
百分之十六	2 3 4 5 0;3 4 2 5 0
二千四百多	2 3 4 5 0;2 3 4 0 1
一百六十多	2 3 4 5 0;2 3 4 0 1
一千九百多	2 3 4 5 0;2 3 4 0 1
百分之二十	2 3 4 5 0;3 4 2 5 0
风水轮流转	5 5 4 5 0;2 3 4 5 0
百分之十七	2 3 4 5 0;3 4 2 5 0
百分之八十	2 3 4 5 0;3 4 2 5 0
一千五百多	2 3 4 5 0;2 3 4 0 1
反电脑病毒	4 3 4 5 0;2 3 4 5 0
百分之十四	2 3 4 5 0;3 4 2 5 0
一万二千多	2 3 4 5 0;2 3 4 0 1
五百五十多	2 3 4 5 0;2 3 4 0 1
一千三百多	2 3 4 5 0;2 3 4 0 1
一百一十多	2 3 4 5 0;2 3 4 0 1
六万五千多	2 3 4 5 0;2 3 4 0 1
百分之十二	2 3 4 5 0;3 4 2 5 0
百分之九十	2 3 4 5 0;3 4 2 5 0
百分之十八	2 3 4 5 0;3 4 2 5 0
百分之六十	2 3 4 5 0;3 4 2 5 0
百分之十五	2 3 4 5 0;3 4 2 5 0
百分之十一	2 3 4 5 0;3 4 2 5 0
一百二十多	2 3 4 5 0;2 3 4 0 1
通货膨胀率	2 3 5 5 0;2 3 5 4 0
联合会杯赛	3 3 4 5 0;2 3 4 5 0
百分之五十	2 3 4 5 0;3 4 2 5 0
一百三十多	2 3 4 5 0;2 3 4 0 1
一点三亿多	2 3 4 5 0;2 3 4 0 1
二千五百多	2 3 4 5 0;2 3 4 0 1
一百八十多	2 3 4 5 0;2 3 4 0 1
副主任委员	5 3 5 5 0;2 3 4 5 0
百分之八点三	2 3 4 5 6 0;3 4 2 5 6 0
百分之四十二	2 3 4 5 6 0;3 4 2 5 6 0
百分之六点六	2 3 4 5 6 0;3 4 2 5 6 0
百分之六点二	2 3 4 5 6 0;3 4 2 5 6 0
百分之三十二	2 3 4 5 6 0;3 4 2 5 6 0
百分之二十二	2 3 4 5 6 0;3 4 2 5 6 0
百分之三点二	2 3 4 5 6 0;3 4 2 5 6 0
百分之四十一	2 3 4 5 6 0;3 4 2 5 6 0
百分之九十九	2 3 4 5 6 0;3 4 2 5 6 0
百分之七十八	2 3 4 5 6 0;3 4 2 5 6 0
百分之三点九	2 3 4 5 6 0;3 4 2 5 6 0
百分之七点六	2 3 4 5 6 0;3 4 2 5 6 0
百分之九点八	2 3 4 5 6 0;3 4 2 5 6 0
百分之九点六	2 3 4 5 6 0;3 4 2 5 6 0
百分之四点一	2 3 4 5 6 0;3 4 2 5 6 0
百分之九点二	2 3 4 5 6 0;3 4 2 5 6 0
百分之三十八	2 3 4 5 6 0;3 4 2 5 6 0
百分之一点六	2 3 4 5 6 0;3 4 2 5 6 0
百分之二十九	2 3 4 5 6 0;3 4 2 5 6 0
百分之四点四	2 3 4 5 6 0;3 4 2 5 6 0
百分之一点三	2 3 4 5 6 0;3 4 2 5 6 0
百分之七十六	2 3 4 5 6 0;3 4 2 5 6 0
百分之七点一	2 3 4 5 6 0;3 4 2 5 6 0
百分之十点七	2 3 4 5 6 0;3 4 2 5 6 0
百分之七十三	2 3 4 5 6 0;3 4 2 5 6 0
百分之十点四	2 3 4 5 6 0;3 4 2 5 6 0
百分之九十七	2 3 4 5 6 0;3 4 2 5 6 0
百分之二十一	2 3 4 5 6 0;3 4 2 5 6 0
百分之四十三	2 3 4 5 6 0;3 4 2 5 6 0
百分之八点九	2 3 4 5 6 0;3 4 2 5 6 0
百分之一点七	2 3 4 5 6 0;3 4 2 5 6 0
百分之九点四	2 3 4 5 6 0;3 4 2 5 6 0
百分之五十四	2 3 4 5 6 0;3 4 2 5 6 0
百分之五点九	2 3 4 5 6 0;3 4 2 5 6 0
四百七十多万	2 3 4 5 6 0;2 3 4 6 1 0
百分之八十五	2 3 4 5 6 0;3 4 2 5 6 0
百分之七十五	2 3 4 5 6 0;3 4 2 5 6 0
百分之九点一	2 3 4 5 6 0;3 4 2 5 6 0
一千八百多万	2 3 4 5 6 0;2 3 4 5 1 0
百分之六点一	2 3 4 5 6 0;3 4 2 5 6 0
百分之九十五	2 3 4 5 6 0;3 4 2 5 6 0
百分之九点三	2 3 4 5 6 0;3 4 2 5 6 0
四千八百多万	2 3 4 5 6 0;2 3 4 6 1 0
百分之三十六	2 3 4 5 6 0;3 4 2 5 6 0
百分之一点八	2 3 4 5 6 0;3 4 2 5 6 0
百分之四十五	2 3 4 5 6 0;3 4 2 5 6 0
百分之四十六	2 3 4 5 6 0;3 4 2 5 6 0
百分之二点四	2 3 4 5 6 0;3 4 2 5 6 0
百分之一点五	2 3 4 5 6 0;3 4 2 5 6 0
百分之三十九	2 3 4 5 6 0;3 4 2 5 6 0
百分之二点二	2 3 4 5 6 0;3 4 2 5 6 0
百分之一点一	2 3 4 5 6 0;3 4 2 5 6 0
百分之六点三	2 3 4 5 6 0;3 4 2 5 6 0
百分之四十四	2 3 4 5 6 0;3 4 2 5 6 0
百分之二十六	2 3 4 5 6 0;3 4 2 5 6 0
百分之五十五	2 3 4 5 6 0;3 4 2 5 6 0
百分之六点八	2 3 4 5 6 0;3 4 2 5 6 0
百分之十点九	2 3 4 5 6 0;3 4 2 5 6 0
百分之六十六	2 3 4 5 6 0;3 4 2 5 6 0
百分之六点七	2 3 4 5 6 0;3 4 2 5 6 0
百分之七点四	2 3 4 5 6 0;3 4 2 5 6 0
百分之六点五	2 3 4 5 6 0;3 4 2 5 6 0
百分之九点七	2 3 4 5 6 0;3 4 2 5 6 0
百分之二十五	2 3 4 5 6 0;3 4 2 5 6 0
百分之零点五	2 3 4 5 6 0;3 4 2 5 6 0
百分之六十五	2 3 4 5 6 0;3 4 2 5 6 0
百分之三十七	2 3 4 5 6 0;3 4 2 5 6 0
百分之四十八	2 3 4 5 6 0;3 4 2 5 6 0
百分之三十一	2 3 4 5 6 0;3 4 2 5 6 0
百分之五十六	2 3 4 5 6 0;3 4 2 5 6 0
百分之二点九	2 3 4 5 6 0;3 4 2 5 6 0
百分之二十四	2 3 4 5 6 0;3 4 2 5 6 0
百分之八十三	2 3 4 5 6 0;3 4 2 5 6 0
百分之二十七	2 3 4 5 6 0;3 4 2 5 6 0
百分之五十八	2 3 4 5 6 0;3 4 2 5 6 0
百分之三点四	2 3 4 5 6 0;3 4 2 5 6 0
百分之十点三	2 3 4 5 6 0;3 4 2 5 6 0
百分之一点零	2 3 4 5 6 0;3 4 2 5 6 0
百分之五十三	2 3 4 5 6 0;3 4 2 5 6 0
百分之三点五	2 3 4 5 6 0;3 4 2 5 6 0
百分之二十八	2 3 4 5 6 0;3 4 2 5 6 0
百分之五十一	2 3 4 5 6 0;3 4 2 5 6 0
百分之四点五	2 3 4 5 6 0;3 4 2 5 6 0
百分之九十六	2 3 4 5 6 0;3 4 2 5 6 0
百分之八十四	2 3 4 5 6 0;3 4 2 5 6 0
百分之三十五	2 3 4 5 6 0;3 4 2 5 6 0
百分之五点三	2 3 4 5 6 0;3 4 2 5 6 0
百分之三十三	2 3 4 5 6 0;3 4 2 5 6 0
百分之四十七	2 3 4 5 6 0;3 4 2 5 6 0
百分之五点七	2 3 4 5 6 0;3 4 2 5 6 0
百分之十七点五	2 3 4 5 6 7 0;3 4 2 5 6 7 0
百分之九十一多	2 3 4 5 6 7 0;3 4 2 5 6 0 1
百分之十三点五	2 3 4 5 6 7 0;3 4 2 5 6 7 0
百分之十四点二	2 3 4 5 6 7 0;3 4 2 5 6 7 0
百分之十一点五	2 3 4 5 6 7 0;3 4 2 5 6 7 0
百分之十五点六	2 3 4 5 6 7 0;3 4 2 5 6 7 0
百分之十五点八	2 3 4 5 6 7 0;3 4 2 5 6 7 0
百分之十一点三	2 3 4 5 6 7 0;3 4 2 5 6 7 0
百分之十九点二	2 3 4 5 6 7 0;3 4 2 5 6 7 0
百分之三点二五	2 3 4 5 6 7 0;3 4 2 5 6 7 0
百分之十四点八	2 3 4 5 6 7 0;3 4 2 5 6 7 0
百分之十五点七	2 3 4 5 6 7 0;3 4 2 5 6 7 0
百分之十七点六	2 3 4 5 6 7 0;3 4 2 5 6 7 0
百分之十三点六	2 3 4 5 6 7 0;3 4 2 5 6 7 0
百分之十七点九	2 3 4 5 6 7 0;3 4 2 5 6 7 0
百分之十一点七	2 3 4 5 6 7 0;3 4 2 5 6 7 0
百分之十一点九	2 3 4 5 6 7 0;3 4 2 5 6 7 0
百分之十点二九	2 3 4 5 6 7 0;3 4 2 5 6 7 0
百分之十四点六	2 3 4 5 6 7 0;3 4 2 5 6 7 0
百分之三十点二	2 3 4 5 6 7 0;3 4 2 5 6 7 0
百分之十三点四	2 3 4 5 6 7 0;3 4 2 5 6 7 0
百分之十四点五	2 3 4 5 6 7 0;3 4 2 5 6 7 0
百分之十四点七	2 3 4 5 6 7 0;3 4 2 5 6 7 0
百分之十二点五	2 3 4 5 6 7 0;3 4 2 5 6 7 0
百分之四十六点四	2 3 4 5 6 7 8 0;3 4 2 5 6 7 8 0
百分之八十八点八	2 3 4 5 6 7 8 0;3 4 2 5 6 7 8 0
百分之四十七点九	2 3 4 5 6 7 8 0;3 4 2 5 6 7 8 0
百分之三十六点三	2 3 4 5 6 7 8 0;3 4 2 5 6 7 8 0
百分之五十二点二	2 3 4 5 6 7 8 0;3 4 2 5 6 7 8 0
百分之八十九点四	2 3 4 5 6 7 8 0;3 4 2 5 6 7 8 0
百分之三十八点二	2 3 4 5 6 7 8 0;3 4 2 5 6 7 8 0
百分之九十六点二	2 3 4 5 6 7 8 0;3 4 2 5 6 7 8 0
百分之二十一点一	2 3 4 5 6 7 8 0;3 4 2 5 6 7 8 0
百分之二十一点九	2 3 4 5 6 7 8 0;3 4 2 5 6 7 8 0
百分之四十七点七	2 3 4 5 6 7 8 0;3 4 2 5 6 7 8 0
百分之三十二点五	2 3 4 5 6 7 8 0;3 4 2 5 6 7 8 0
百分之三十四点一	2 3 4 5 6 7 8 0;3 4 2 5 6 7 8 0
百分之四十五点九	2 3 4 5 6 7 8 0;3 4 2 5 6 7 8 0
百分之五十一点二	2 3 4 5 6 7 8 0;3 4 2 5 6 7 8 0
百分之三十八点六	2 3 4 5 6 7 8 0;3 4 2 5 6 7 8 0
百分之三十六点四	2 3 4 5 6 7 8 0;3 4 2 5 6 7 8 0
百分之八十四点四	2 3 4 5 6 7 8 0;3 4 2 5 6 7 8 0
百分之九十三点一	2 3 4 5 6 7 8 0;3 4 2 5 6 7 8 0
百分之二十三点六	2 3 4 5 6 7 8 0;3 4 2 5 6 7 8 0
百分之三十二点三	2 3 4 5 6 7 8 0;3 4 2 5 6 7 8 0
百分之八十四点三	2 3 4 5 6 7 8 0;3 4 2 5 6 7 8 0
百分之三十三点五	2 3 4 5 6 7 8 0;3 4 2 5 6 7 8 0
百分之二十二点一	2 3 4 5 6 7 8 0;3 4 2 5 6 7 8 0
百分之三十六点九	2 3 4 5 6 7 8 0;3 4 2 5 6 7 8 0
百分之四十一点七八	2 3 4 5 6 7 8 9 0;3 4 2 5 6 7 8 9 0
百分之六十一点八三	2 3 4 5 6 7 8 9 0;3 4 2 5 6 7 8 9 0
